Attack metrics report
Dataset: spambase
Attack: fgsm
epsilon=0.3

Correctly-classified originals: 2058/2301
Successfully attacked (among correct): 2058/2058
ASR (among correct): 1.0000

Changed samples among correct (any feature changed): 2058/2058
Max |delta| among correct: 0.3

Changed samples among successful attacks: 2058/2058
Max |delta| among successful attacks: 0.3

Summary of perturbation size (delta = X_adv - X_test) over correctly-classified originals
  MAE  : mean=0.155136 median=0.153422 min=0.14065 max=0.203429
  RMSE : mean=0.211886 median=0.211115 min=0.200339 max=0.24478
  L1   : mean=8.84274 median=8.74503 min=8.01706 max=11.5954
  L2   : mean=1.5997 median=1.59389 min=1.51253 max=1.84805
  Linf : mean=0.3 median=0.3 min=0.3 max=0.3

Original vs Perturbed (these can look very similar if delta is small)
Subset: correctly-classified originals
  MAE  : orig_mean=0.0158086 adv_mean=0.148199 mean|diff|=0.13239 max|diff|=0.148995
  RMSE : orig_mean=0.0514402 adv_mean=0.21438 mean|diff|=0.162986 max|diff|=0.210263
  L1   : orig_mean=0.901089 adv_mean=8.44734 mean|diff|=7.54626 max|diff|=8.49273
  L2   : orig_mean=0.388365 adv_mean=1.61853 mean|diff|=1.23051 max|diff|=1.58745
  Linf : orig_mean=0.281171 adv_mean=0.412607 mean|diff|=0.20279 max|diff|=0.3

Subset: successfully-attacked (among correct)
  MAE  : orig_mean=0.0158086 adv_mean=0.148199 mean|diff|=0.13239 max|diff|=0.148995
  RMSE : orig_mean=0.0514402 adv_mean=0.21438 mean|diff|=0.162986 max|diff|=0.210263
  L1   : orig_mean=0.901089 adv_mean=8.44734 mean|diff|=7.54626 max|diff|=8.49273
  L2   : orig_mean=0.388365 adv_mean=1.61853 mean|diff|=1.23051 max|diff|=1.58745
  Linf : orig_mean=0.281171 adv_mean=0.412607 mean|diff|=0.20279 max|diff|=0.3

Per-sample details (correctly-classified originals)
idx,attack_success,changed,mae_delta,rmse_delta,l1_delta,l2_delta,linf_delta
1,1,1,0.163962,0.213888,9.34583,1.61482,0.3
3,1,1,0.157506,0.204108,8.97784,1.54098,0.3
4,1,1,0.149997,0.210436,8.54983,1.58876,0.3
5,1,1,0.154823,0.211339,8.82493,1.59557,0.3
6,1,1,0.147368,0.210263,8.4,1.58745,0.3
7,1,1,0.152689,0.213164,8.70327,1.60935,0.3
8,1,1,0.165472,0.219105,9.43188,1.65421,0.3
9,1,1,0.165068,0.217867,9.4089,1.64486,0.3
10,1,1,0.163731,0.21746,9.33265,1.64179,0.3
11,1,1,0.146651,0.209307,8.3591,1.58023,0.3
12,1,1,0.152291,0.211282,8.6806,1.59514,0.3
13,1,1,0.16171,0.21335,9.21747,1.61076,0.3
14,1,1,0.148911,0.20325,8.48793,1.53451,0.3
15,1,1,0.150131,0.210905,8.55747,1.5923,0.3
17,1,1,0.153029,0.211738,8.72264,1.59859,0.3
18,1,1,0.162259,0.215871,9.24876,1.62979,0.3
19,1,1,0.156429,0.208774,8.91645,1.57621,0.3
20,1,1,0.151734,0.211088,8.64883,1.59368,0.3
21,1,1,0.153719,0.213046,8.76197,1.60846,0.3
22,1,1,0.164387,0.217961,9.37008,1.64557,0.3
23,1,1,0.151243,0.211887,8.62085,1.59971,0.3
24,1,1,0.1656,0.214024,9.43919,1.61585,0.3
25,1,1,0.151098,0.210628,8.61257,1.59021,0.3
26,1,1,0.168307,0.212036,9.59348,1.60084,0.3
27,1,1,0.152632,0.213985,8.7,1.61555,0.3
28,1,1,0.152632,0.213985,8.7,1.61555,0.3
29,1,1,0.163038,0.215983,9.29315,1.63063,0.3
30,1,1,0.15038,0.211489,8.57167,1.59671,0.3
31,1,1,0.155051,0.206982,8.83792,1.56268,0.3
33,1,1,0.151586,0.210659,8.64042,1.59044,0.3
35,1,1,0.151582,0.211892,8.64015,1.59975,0.3
36,1,1,0.164749,0.209331,9.39069,1.58042,0.3
37,1,1,0.141897,0.204277,8.08815,1.54226,0.3
38,1,1,0.152682,0.211478,8.70285,1.59663,0.3
39,1,1,0.147368,0.210263,8.4,1.58745,0.3
40,1,1,0.149416,0.210588,8.5167,1.5899,0.3
41,1,1,0.153376,0.211425,8.74243,1.59623,0.3
42,1,1,0.154675,0.209096,8.81648,1.57864,0.3
43,1,1,0.150005,0.21059,8.55027,1.58992,0.3
44,1,1,0.149148,0.210692,8.50143,1.59069,0.3
45,1,1,0.162597,0.211994,9.26803,1.60052,0.3
46,1,1,0.159705,0.21559,9.1032,1.62767,0.3
47,1,1,0.168592,0.218147,9.60977,1.64697,0.3
48,1,1,0.154494,0.209751,8.80615,1.58358,0.3
49,1,1,0.151677,0.212764,8.64557,1.60633,0.3
50,1,1,0.151784,0.21289,8.6517,1.60728,0.3
51,1,1,0.16128,0.215173,9.19294,1.62452,0.3
52,1,1,0.152374,0.210927,8.68532,1.59246,0.3
53,1,1,0.147979,0.210295,8.43482,1.58769,0.3
54,1,1,0.149622,0.210532,8.52848,1.58948,0.3
55,1,1,0.147368,0.210263,8.4,1.58745,0.3
56,1,1,0.155949,0.214314,8.88911,1.61804,0.3
57,1,1,0.157364,0.21279,8.96975,1.60653,0.3
58,1,1,0.150894,0.211276,8.60095,1.5951,0.3
59,1,1,0.151511,0.204708,8.63614,1.54551,0.3
60,1,1,0.147368,0.210263,8.4,1.58745,0.3
61,1,1,0.156621,0.209517,8.92738,1.58182,0.3
62,1,1,0.164747,0.218857,9.39056,1.65234,0.3
63,1,1,0.165747,0.218983,9.44757,1.65329,0.3
64,1,1,0.144588,0.207323,8.2415,1.56525,0.3
65,1,1,0.158884,0.215937,9.05642,1.63029,0.3
67,1,1,0.152539,0.213856,8.69473,1.61458,0.3
68,1,1,0.161924,0.213852,9.22966,1.61455,0.3
69,1,1,0.15087,0.21115,8.59961,1.59415,0.3
70,1,1,0.160521,0.215203,9.14971,1.62474,0.3
71,1,1,0.147368,0.210263,8.4,1.58745,0.3
72,1,1,0.16656,0.212827,9.49393,1.60681,0.3
73,1,1,0.153802,0.213415,8.76671,1.61125,0.3
75,1,1,0.147368,0.210263,8.4,1.58745,0.3
76,1,1,0.165703,0.213928,9.44509,1.61512,0.3
77,1,1,0.164115,0.213906,9.35458,1.61495,0.3
78,1,1,0.157917,0.217643,9.00126,1.64317,0.3
79,1,1,0.149442,0.207353,8.51818,1.56548,0.3
81,1,1,0.155862,0.21253,8.88412,1.60457,0.3
82,1,1,0.149675,0.210458,8.53145,1.58892,0.3
83,1,1,0.153743,0.21159,8.76333,1.59747,0.3
84,1,1,0.157056,0.21214,8.95216,1.60162,0.3
85,1,1,0.175948,0.221462,10.0291,1.672,0.3
86,1,1,0.155422,0.207916,8.85907,1.56973,0.3
87,1,1,0.168222,0.216618,9.58864,1.63543,0.3
88,1,1,0.159281,0.207548,9.07901,1.56695,0.3
89,1,1,0.142151,0.206474,8.1026,1.55885,0.3
90,1,1,0.147917,0.210304,8.43128,1.58776,0.3
91,1,1,0.154795,0.208982,8.82332,1.57778,0.3
92,1,1,0.166565,0.218556,9.49418,1.65006,0.3
93,1,1,0.160533,0.206788,9.15037,1.56121,0.3
94,1,1,0.160291,0.210955,9.13661,1.59268,0.3
95,1,1,0.14866,0.210376,8.47363,1.5883,0.3
96,1,1,0.159093,0.211673,9.06832,1.5981,0.3
97,1,1,0.151381,0.210195,8.62869,1.58694,0.3
98,1,1,0.166642,0.217405,9.49861,1.64137,0.3
99,1,1,0.149297,0.21057,8.50995,1.58977,0.3
100,1,1,0.154031,0.211178,8.77974,1.59436,0.3
101,1,1,0.157321,0.214044,8.96729,1.616,0.3
102,1,1,0.152632,0.213985,8.7,1.61555,0.3
103,1,1,0.162234,0.213962,9.24732,1.61537,0.3
104,1,1,0.151741,0.210665,8.64921,1.59049,0.3
105,1,1,0.151122,0.21093,8.61395,1.59248,0.3
106,1,1,0.162729,0.21922,9.27557,1.65507,0.3
107,1,1,0.151823,0.211308,8.6539,1.59534,0.3
108,1,1,0.1536,0.211273,8.7552,1.59507,0.3
109,1,1,0.149532,0.210626,8.52331,1.59019,0.3
110,1,1,0.170391,0.214383,9.71229,1.61855,0.3
111,1,1,0.148935,0.210396,8.4893,1.58845,0.3
112,1,1,0.150384,0.210848,8.57187,1.59187,0.3
113,1,1,0.150809,0.208455,8.59611,1.5738,0.3
114,1,1,0.158708,0.211581,9.04636,1.5974,0.3
115,1,1,0.157294,0.214741,8.96575,1.62126,0.3
116,1,1,0.149634,0.21063,8.52911,1.59022,0.3
117,1,1,0.153094,0.204035,8.72634,1.54043,0.3
118,1,1,0.160457,0.20907,9.14608,1.57844,0.3
119,1,1,0.153129,0.211818,8.72838,1.59919,0.3
120,1,1,0.148604,0.21047,8.47045,1.58901,0.3
121,1,1,0.154179,0.212033,8.78822,1.60081,0.3
122,1,1,0.151232,0.210664,8.62023,1.59048,0.3
123,1,1,0.158357,0.216001,9.02637,1.63077,0.3
124,1,1,0.201595,0.243144,11.4909,1.83569,0.3
125,1,1,0.148323,0.210387,8.45442,1.58838,0.3
126,1,1,0.169784,0.219784,9.67766,1.65933,0.3
127,1,1,0.151901,0.213029,8.65835,1.60834,0.3
129,1,1,0.152643,0.212667,8.70066,1.6056,0.3
131,1,1,0.149443,0.21057,8.51823,1.58977,0.3
132,1,1,0.149263,0.210372,8.50801,1.58827,0.3
133,1,1,0.152274,0.211004,8.6796,1.59305,0.3
134,1,1,0.147368,0.210263,8.4,1.58745,0.3
135,1,1,0.152674,0.211677,8.7024,1.59813,0.3
136,1,1,0.164378,0.211789,9.36952,1.59897,0.3
137,1,1,0.155284,0.20943,8.85118,1.58116,0.3
139,1,1,0.176822,0.217973,10.0789,1.64566,0.3
140,1,1,0.147368,0.210263,8.4,1.58745,0.3
141,1,1,0.146386,0.207426,8.344,1.56603,0.3
142,1,1,0.154385,0.210529,8.79995,1.58946,0.3
143,1,1,0.153654,0.209634,8.7583,1.5827,0.3
144,1,1,0.161758,0.219404,9.22018,1.65646,0.3
145,1,1,0.152909,0.212453,8.71581,1.60398,0.3
146,1,1,0.147368,0.210263,8.4,1.58745,0.3
147,1,1,0.162908,0.215586,9.28578,1.62764,0.3
148,1,1,0.152941,0.213989,8.71766,1.61558,0.3
149,1,1,0.156015,0.214609,8.89284,1.62026,0.3
150,1,1,0.145347,0.207262,8.28479,1.56479,0.3
152,1,1,0.163299,0.217617,9.30806,1.64297,0.3
153,1,1,0.168953,0.217068,9.63032,1.63883,0.3
154,1,1,0.152021,0.211286,8.66519,1.59518,0.3
155,1,1,0.149171,0.21039,8.50275,1.58841,0.3
156,1,1,0.149756,0.21052,8.5361,1.58939,0.3
157,1,1,0.163247,0.216493,9.30509,1.63448,0.3
158,1,1,0.147368,0.210263,8.4,1.58745,0.3
159,1,1,0.158234,0.205751,9.01936,1.55338,0.3
160,1,1,0.16979,0.213396,9.67804,1.61111,0.3
161,1,1,0.155298,0.209155,8.85197,1.57908,0.3
162,1,1,0.147101,0.206992,8.38477,1.56275,0.3
164,1,1,0.149284,0.210506,8.5092,1.58928,0.3
165,1,1,0.163391,0.215969,9.31327,1.63053,0.3
166,1,1,0.149251,0.210458,8.50728,1.58893,0.3
168,1,1,0.149952,0.210736,8.54724,1.59102,0.3
169,1,1,0.147321,0.202268,8.39728,1.52709,0.3
170,1,1,0.149013,0.20825,8.49375,1.57225,0.3
171,1,1,0.148384,0.210334,8.45791,1.58799,0.3
172,1,1,0.166466,0.217754,9.48856,1.644,0.3
173,1,1,0.15418,0.210675,8.78828,1.59056,0.3
174,1,1,0.151178,0.210566,8.61717,1.58974,0.3
175,1,1,0.154766,0.212726,8.82166,1.60605,0.3
176,1,1,0.153402,0.21133,8.74389,1.59551,0.3
177,1,1,0.148799,0.210404,8.48153,1.58852,0.3
178,1,1,0.148622,0.207999,8.47148,1.57036,0.3
179,1,1,0.15412,0.212771,8.78485,1.60638,0.3
180,1,1,0.167106,0.212704,9.52507,1.60588,0.3
181,1,1,0.167392,0.215873,9.54133,1.6298,0.3
182,1,1,0.166175,0.211563,9.47198,1.59727,0.3
183,1,1,0.161227,0.213974,9.18994,1.61547,0.3
184,1,1,0.151156,0.212198,8.61587,1.60206,0.3
186,1,1,0.173374,0.224672,9.88234,1.69624,0.3
187,1,1,0.15823,0.20575,9.01913,1.55338,0.3
188,1,1,0.160548,0.210147,9.15123,1.58657,0.3
189,1,1,0.158379,0.212984,9.02761,1.60799,0.3
190,1,1,0.154021,0.207268,8.77918,1.56484,0.3
191,1,1,0.162518,0.208788,9.26355,1.57631,0.3
192,1,1,0.164836,0.218547,9.39566,1.64999,0.3
193,1,1,0.156455,0.214279,8.91794,1.61777,0.3
194,1,1,0.147368,0.210263,8.4,1.58745,0.3
195,1,1,0.169923,0.222204,9.6856,1.67761,0.3
196,1,1,0.147368,0.210263,8.4,1.58745,0.3
197,1,1,0.150517,0.21088,8.57946,1.59211,0.3
198,1,1,0.150776,0.211831,8.59421,1.59929,0.3
199,1,1,0.159012,0.210203,9.06367,1.587,0.3
201,1,1,0.159259,0.215831,9.07775,1.62949,0.3
202,1,1,0.150573,0.210566,8.58263,1.58974,0.3
203,1,1,0.170928,0.223007,9.7429,1.68367,0.3
204,1,1,0.163488,0.216503,9.31884,1.63457,0.3
205,1,1,0.157954,0.215027,9.0034,1.62342,0.3
206,1,1,0.151086,0.211113,8.61189,1.59387,0.3
207,1,1,0.151416,0.212472,8.63072,1.60413,0.3
208,1,1,0.152443,0.211521,8.68926,1.59695,0.3
209,1,1,0.157954,0.212385,9.00341,1.60347,0.3
210,1,1,0.164105,0.213896,9.354,1.61488,0.3
211,1,1,0.154878,0.203682,8.82806,1.53777,0.3
212,1,1,0.172274,0.219137,9.8196,1.65445,0.3
213,1,1,0.151584,0.208778,8.64026,1.57624,0.3
214,1,1,0.154051,0.211742,8.78089,1.59862,0.3
215,1,1,0.15088,0.210771,8.60013,1.59129,0.3
216,1,1,0.157756,0.211792,8.9921,1.599,0.3
217,1,1,0.154577,0.206756,8.81087,1.56097,0.3
218,1,1,0.164836,0.218547,9.39566,1.64999,0.3
219,1,1,0.158548,0.207169,9.03724,1.56409,0.3
220,1,1,0.158096,0.214454,9.01147,1.6191,0.3
221,1,1,0.148681,0.210319,8.47484,1.58787,0.3
224,1,1,0.149388,0.210368,8.51511,1.58824,0.3
225,1,1,0.157298,0.214344,8.96597,1.61826,0.3
227,1,1,0.154105,0.211374,8.78401,1.59584,0.3
228,1,1,0.151771,0.211,8.65097,1.59302,0.3
229,1,1,0.165952,0.218041,9.45926,1.64617,0.3
230,1,1,0.163275,0.219264,9.30665,1.65541,0.3
231,1,1,0.152632,0.213985,8.7,1.61555,0.3
232,1,1,0.152301,0.211529,8.68113,1.59701,0.3
233,1,1,0.156646,0.211815,8.92882,1.59917,0.3
234,1,1,0.147368,0.210263,8.4,1.58745,0.3
238,1,1,0.15084,0.211652,8.59787,1.59794,0.3
239,1,1,0.156709,0.211093,8.93243,1.59372,0.3
240,1,1,0.154016,0.209272,8.77891,1.57997,0.3
241,1,1,0.149484,0.210566,8.52057,1.58974,0.3
242,1,1,0.156546,0.209061,8.9231,1.57838,0.3
243,1,1,0.166162,0.212589,9.47126,1.60501,0.3
244,1,1,0.156649,0.203848,8.92898,1.53902,0.3
245,1,1,0.160813,0.215753,9.16635,1.6289,0.3
246,1,1,0.159115,0.213922,9.06954,1.61507,0.3
247,1,1,0.148529,0.210445,8.46614,1.58883,0.3
248,1,1,0.165387,0.218692,9.42708,1.65109,0.3
250,1,1,0.155298,0.214929,8.85196,1.62268,0.3
251,1,1,0.158234,0.205751,9.01936,1.55338,0.3
253,1,1,0.151041,0.207467,8.60931,1.56634,0.3
254,1,1,0.159011,0.217346,9.06364,1.64093,0.3
255,1,1,0.153875,0.211271,8.77089,1.59506,0.3
256,1,1,0.155523,0.211905,8.86479,1.59985,0.3
257,1,1,0.159992,0.213812,9.11956,1.61425,0.3
258,1,1,0.153697,0.214063,8.7607,1.61614,0.3
259,1,1,0.148608,0.210355,8.47068,1.58815,0.3
260,1,1,0.155787,0.214327,8.87984,1.61813,0.3
261,1,1,0.153779,0.212147,8.76538,1.60168,0.3
262,1,1,0.144732,0.203999,8.24971,1.54016,0.3
265,1,1,0.152806,0.211725,8.70993,1.59849,0.3
266,1,1,0.15567,0.208191,8.87318,1.57181,0.3
267,1,1,0.152632,0.213985,8.7,1.61555,0.3
268,1,1,0.157385,0.21538,8.97094,1.62609,0.3
269,1,1,0.150287,0.210494,8.56635,1.58919,0.3
271,1,1,0.159265,0.212128,9.07809,1.60153,0.3
272,1,1,0.148205,0.210322,8.44768,1.58789,0.3
273,1,1,0.151677,0.210921,8.6456,1.59242,0.3
274,1,1,0.160602,0.214275,9.15429,1.61774,0.3
275,1,1,0.164025,0.215935,9.34944,1.63027,0.3
276,1,1,0.161831,0.21724,9.22435,1.64013,0.3
277,1,1,0.159625,0.21166,9.0986,1.598,0.3
278,1,1,0.152965,0.211031,8.719,1.59325,0.3
279,1,1,0.148859,0.210336,8.48497,1.588,0.3
280,1,1,0.171491,0.213973,9.77499,1.61546,0.3
281,1,1,0.156284,0.210275,8.90817,1.58754,0.3
282,1,1,0.158229,0.213456,9.01906,1.61156,0.3
283,1,1,0.149195,0.210323,8.50413,1.5879,0.3
284,1,1,0.147938,0.210289,8.43246,1.58765,0.3
285,1,1,0.147368,0.210263,8.4,1.58745,0.3
286,1,1,0.156949,0.206474,8.94609,1.55884,0.3
287,1,1,0.147769,0.210276,8.42283,1.58755,0.3
288,1,1,0.154626,0.212579,8.8137,1.60494,0.3
289,1,1,0.162723,0.215184,9.27522,1.6246,0.3
290,1,1,0.153594,0.212021,8.75487,1.60073,0.3
291,1,1,0.147368,0.210263,8.4,1.58745,0.3
292,1,1,0.160505,0.215201,9.14881,1.62473,0.3
293,1,1,0.149991,0.202737,8.5495,1.53063,0.3
294,1,1,0.160363,0.217329,9.1407,1.6408,0.3
295,1,1,0.15094,0.210779,8.60356,1.59134,0.3
296,1,1,0.152709,0.210952,8.7044,1.59265,0.3
297,1,1,0.159583,0.213562,9.09625,1.61235,0.3
298,1,1,0.157361,0.213286,8.96955,1.61027,0.3
299,1,1,0.156735,0.209583,8.93391,1.58232,0.3
300,1,1,0.152823,0.210996,8.7109,1.59298,0.3
301,1,1,0.150359,0.210537,8.57047,1.58952,0.3
302,1,1,0.153773,0.213154,8.76504,1.60928,0.3
303,1,1,0.14879,0.210537,8.48101,1.58952,0.3
304,1,1,0.148652,0.207322,8.47314,1.56525,0.3
305,1,1,0.149928,0.21064,8.54588,1.59029,0.3
306,1,1,0.14999,0.210773,8.54941,1.5913,0.3
307,1,1,0.149874,0.211112,8.54282,1.59386,0.3
308,1,1,0.14929,0.210564,8.50954,1.58972,0.3
309,1,1,0.157201,0.21146,8.96048,1.59649,0.3
310,1,1,0.162351,0.218697,9.254,1.65113,0.3
311,1,1,0.166588,0.217688,9.49551,1.64351,0.3
312,1,1,0.15963,0.213038,9.09891,1.6084,0.3
313,1,1,0.148895,0.210396,8.48701,1.58846,0.3
314,1,1,0.150312,0.211434,8.5678,1.59629,0.3
315,1,1,0.163296,0.217208,9.3079,1.63988,0.3
316,1,1,0.151322,0.20928,8.62538,1.58003,0.3
317,1,1,0.152008,0.211623,8.66448,1.59772,0.3
318,1,1,0.151212,0.202483,8.61908,1.52871,0.3
319,1,1,0.151212,0.210862,8.61911,1.59197,0.3
320,1,1,0.151893,0.21125,8.65793,1.5949,0.3
321,1,1,0.154183,0.212626,8.78841,1.60529,0.3
323,1,1,0.157895,0.217643,9,1.64317,0.3
324,1,1,0.153883,0.205922,8.77132,1.55467,0.3
325,1,1,0.148151,0.20802,8.44463,1.57051,0.3
326,1,1,0.153503,0.212109,8.74969,1.60139,0.3
327,1,1,0.149914,0.210739,8.54509,1.59104,0.3
328,1,1,0.153372,0.205339,8.74219,1.55028,0.3
329,1,1,0.159706,0.213286,9.10324,1.61027,0.3
330,1,1,0.155468,0.20771,8.86169,1.56817,0.3
331,1,1,0.152357,0.211551,8.68436,1.59718,0.3
332,1,1,0.1528,0.211517,8.70958,1.59692,0.3
333,1,1,0.157895,0.217643,9,1.64317,0.3
334,1,1,0.152901,0.208905,8.71533,1.5772,0.3
335,1,1,0.147368,0.210263,8.4,1.58745,0.3
336,1,1,0.147368,0.210263,8.4,1.58745,0.3
337,1,1,0.151623,0.205803,8.64249,1.55378,0.3
338,1,1,0.147368,0.210263,8.4,1.58745,0.3
339,1,1,0.155649,0.214196,8.87198,1.61715,0.3
340,1,1,0.155359,0.214973,8.85546,1.62301,0.3
341,1,1,0.148,0.210317,8.436,1.58786,0.3
342,1,1,0.151022,0.211303,8.60827,1.5953,0.3
344,1,1,0.163189,0.217889,9.30177,1.64502,0.3
346,1,1,0.148141,0.210344,8.44405,1.58806,0.3
347,1,1,0.148536,0.210448,8.46653,1.58884,0.3
348,1,1,0.159971,0.214766,9.11834,1.62145,0.3
349,1,1,0.151114,0.211212,8.61353,1.59462,0.3
350,1,1,0.160069,0.211781,9.12392,1.59891,0.3
351,1,1,0.151915,0.211423,8.65918,1.59621,0.3
352,1,1,0.147368,0.210263,8.4,1.58745,0.3
353,1,1,0.164183,0.216833,9.35842,1.63705,0.3
354,1,1,0.155478,0.207872,8.86224,1.5694,0.3
355,1,1,0.149462,0.210412,8.51936,1.58858,0.3
356,1,1,0.148924,0.208893,8.48867,1.57711,0.3
357,1,1,0.145027,0.207649,8.26652,1.56771,0.3
358,1,1,0.150008,0.205912,8.55043,1.5546,0.3
359,1,1,0.159992,0.215257,9.11957,1.62515,0.3
360,1,1,0.153307,0.211338,8.73849,1.59556,0.3
361,1,1,0.14784,0.209235,8.4269,1.57969,0.3
362,1,1,0.152327,0.211408,8.68261,1.59609,0.3
363,1,1,0.149474,0.210783,8.51999,1.59138,0.3
364,1,1,0.168004,0.216792,9.57623,1.63675,0.3
365,1,1,0.147015,0.207852,8.37988,1.56924,0.3
366,1,1,0.163143,0.212191,9.29916,1.60201,0.3
367,1,1,0.15665,0.214401,8.92905,1.61869,0.3
368,1,1,0.151738,0.21136,8.64904,1.59573,0.3
369,1,1,0.157627,0.207139,8.98477,1.56387,0.3
370,1,1,0.15099,0.210467,8.60644,1.58899,0.3
371,1,1,0.147368,0.210263,8.4,1.58745,0.3
372,1,1,0.151936,0.211086,8.66037,1.59366,0.3
373,1,1,0.163429,0.217609,9.31548,1.64291,0.3
374,1,1,0.16282,0.216185,9.28074,1.63216,0.3
375,1,1,0.155548,0.2091,8.86623,1.57867,0.3
377,1,1,0.157924,0.21398,9.00167,1.61551,0.3
378,1,1,0.151445,0.211439,8.63237,1.59633,0.3
380,1,1,0.149518,0.210482,8.52253,1.5891,0.3
381,1,1,0.147368,0.210263,8.4,1.58745,0.3
383,1,1,0.150017,0.209806,8.55094,1.584,0.3
384,1,1,0.154383,0.213076,8.79982,1.60869,0.3
385,1,1,0.161379,0.211345,9.19862,1.59562,0.3
386,1,1,0.161262,0.208589,9.19191,1.57482,0.3
388,1,1,0.149863,0.210771,8.54218,1.59129,0.3
389,1,1,0.14836,0.208236,8.45653,1.57215,0.3
391,1,1,0.159356,0.209266,9.08329,1.57992,0.3
392,1,1,0.15632,0.213391,8.91025,1.61106,0.3
393,1,1,0.148975,0.210463,8.49156,1.58896,0.3
394,1,1,0.149764,0.210419,8.53653,1.58863,0.3
395,1,1,0.149149,0.210523,8.50148,1.58941,0.3
398,1,1,0.16126,0.216357,9.19179,1.63346,0.3
399,1,1,0.147368,0.210263,8.4,1.58745,0.3
400,1,1,0.147368,0.210263,8.4,1.58745,0.3
401,1,1,0.160614,0.213543,9.155,1.61221,0.3
403,1,1,0.152466,0.213757,8.69059,1.61383,0.3
404,1,1,0.149297,0.210477,8.50992,1.58906,0.3
405,1,1,0.151822,0.212254,8.65387,1.60248,0.3
406,1,1,0.160109,0.209842,9.12623,1.58427,0.3
407,1,1,0.147368,0.210263,8.4,1.58745,0.3
409,1,1,0.160241,0.212705,9.13374,1.60589,0.3
410,1,1,0.15077,0.2111,8.59388,1.59377,0.3
411,1,1,0.160321,0.216145,9.13827,1.63186,0.3
412,1,1,0.155016,0.21301,8.83593,1.60819,0.3
413,1,1,0.153498,0.208239,8.74939,1.57217,0.3
414,1,1,0.159655,0.216333,9.10033,1.63328,0.3
415,1,1,0.161275,0.208589,9.1927,1.57481,0.3
416,1,1,0.148163,0.210349,8.4453,1.5881,0.3
418,1,1,0.156096,0.212657,8.8975,1.60552,0.3
419,1,1,0.16881,0.222178,9.62216,1.67741,0.3
420,1,1,0.150741,0.210555,8.59224,1.58966,0.3
421,1,1,0.151018,0.21206,8.608,1.60102,0.3
422,1,1,0.153348,0.210806,8.74084,1.59155,0.3
423,1,1,0.155709,0.208442,8.8754,1.5737,0.3
424,1,1,0.167388,0.2183,9.54113,1.64813,0.3
425,1,1,0.165929,0.216624,9.45796,1.63548,0.3
426,1,1,0.148255,0.21037,8.45055,1.58826,0.3
427,1,1,0.144283,0.206922,8.22413,1.56222,0.3
429,1,1,0.147071,0.206986,8.38302,1.56271,0.3
431,1,1,0.164041,0.214465,9.35031,1.61917,0.3
432,1,1,0.154266,0.212018,8.79318,1.6007,0.3
433,1,1,0.1498,0.210553,8.53862,1.58964,0.3
434,1,1,0.153834,0.211299,8.76853,1.59528,0.3
435,1,1,0.157895,0.217643,9,1.64317,0.3
436,1,1,0.15077,0.210776,8.5939,1.59132,0.3
437,1,1,0.161798,0.218353,9.22247,1.64853,0.3
439,1,1,0.156418,0.214621,8.91582,1.62035,0.3
440,1,1,0.147368,0.210263,8.4,1.58745,0.3
441,1,1,0.154363,0.20636,8.79867,1.55798,0.3
442,1,1,0.158888,0.206789,9.05662,1.56122,0.3
443,1,1,0.155612,0.212852,8.86988,1.607,0.3
444,1,1,0.154077,0.211422,8.78237,1.5962,0.3
445,1,1,0.151543,0.210633,8.63795,1.59024,0.3
446,1,1,0.146867,0.206013,8.3714,1.55536,0.3
447,1,1,0.164303,0.21728,9.3653,1.64042,0.3
448,1,1,0.163694,0.21698,9.33057,1.63817,0.3
449,1,1,0.150428,0.211317,8.57439,1.59541,0.3
450,1,1,0.158616,0.217695,9.04112,1.64356,0.3
451,1,1,0.158186,0.21051,9.01657,1.58931,0.3
452,1,1,0.155928,0.213836,8.8879,1.61443,0.3
453,1,1,0.156082,0.214633,8.8967,1.62044,0.3
454,1,1,0.152632,0.213985,8.7,1.61555,0.3
455,1,1,0.15295,0.21201,8.71813,1.60064,0.3
456,1,1,0.166906,0.22163,9.51362,1.67327,0.3
457,1,1,0.164463,0.217178,9.37441,1.63966,0.3
458,1,1,0.164928,0.218776,9.40087,1.65173,0.3
459,1,1,0.174106,0.21659,9.92401,1.63522,0.3
460,1,1,0.149671,0.210464,8.53127,1.58897,0.3
461,1,1,0.160516,0.209191,9.14944,1.57936,0.3
462,1,1,0.161629,0.215039,9.21286,1.62351,0.3
463,1,1,0.152044,0.211895,8.66651,1.59977,0.3
465,1,1,0.150397,0.210613,8.57264,1.5901,0.3
466,1,1,0.15161,0.208567,8.64175,1.57464,0.3
467,1,1,0.147368,0.210263,8.4,1.58745,0.3
468,1,1,0.157543,0.206358,8.97996,1.55797,0.3
469,1,1,0.153873,0.212346,8.77078,1.60318,0.3
470,1,1,0.154251,0.212035,8.79233,1.60083,0.3
471,1,1,0.155624,0.209687,8.87055,1.5831,0.3
472,1,1,0.156394,0.214881,8.91446,1.62232,0.3
473,1,1,0.14964,0.210531,8.52946,1.58948,0.3
474,1,1,0.148616,0.210398,8.47114,1.58847,0.3
475,1,1,0.15647,0.208393,8.91878,1.57334,0.3
476,1,1,0.147368,0.210263,8.4,1.58745,0.3
477,1,1,0.153506,0.20824,8.74982,1.57218,0.3
478,1,1,0.151043,0.210853,8.60944,1.59191,0.3
479,1,1,0.152872,0.211622,8.71368,1.59771,0.3
480,1,1,0.147368,0.210263,8.4,1.58745,0.3
481,1,1,0.160411,0.213498,9.14344,1.61187,0.3
482,1,1,0.158215,0.210891,9.01826,1.59219,0.3
483,1,1,0.153828,0.212489,8.76818,1.60426,0.3
484,1,1,0.159749,0.207413,9.10568,1.56594,0.3
485,1,1,0.162226,0.214138,9.24689,1.6167,0.3
486,1,1,0.148037,0.210307,8.43811,1.58779,0.3
487,1,1,0.166578,0.216868,9.49493,1.63731,0.3
488,1,1,0.149118,0.210416,8.49975,1.58861,0.3
490,1,1,0.165781,0.218802,9.44952,1.65192,0.3
491,1,1,0.156932,0.215213,8.9451,1.62482,0.3
492,1,1,0.147368,0.210263,8.4,1.58745,0.3
493,1,1,0.155714,0.212493,8.87572,1.60429,0.3
494,1,1,0.148138,0.210343,8.44388,1.58806,0.3
495,1,1,0.149026,0.208944,8.49448,1.57749,0.3
496,1,1,0.149214,0.210724,8.50522,1.59093,0.3
497,1,1,0.153466,0.208188,8.74758,1.57179,0.3
498,1,1,0.155723,0.212296,8.87618,1.6028,0.3
499,1,1,0.147368,0.210263,8.4,1.58745,0.3
500,1,1,0.149038,0.21064,8.49514,1.5903,0.3
501,1,1,0.156783,0.214424,8.93661,1.61886,0.3
502,1,1,0.152897,0.211899,8.71511,1.5998,0.3
503,1,1,0.160166,0.212524,9.12944,1.60452,0.3
504,1,1,0.16052,0.211844,9.14964,1.59939,0.3
505,1,1,0.147368,0.210263,8.4,1.58745,0.3
506,1,1,0.164464,0.218266,9.37442,1.64787,0.3
507,1,1,0.159669,0.208693,9.10115,1.5756,0.3
508,1,1,0.1488,0.210308,8.48162,1.58779,0.3
509,1,1,0.16445,0.213198,9.37363,1.60961,0.3
510,1,1,0.148908,0.205792,8.48774,1.5537,0.3
511,1,1,0.15468,0.212771,8.81673,1.60638,0.3
512,1,1,0.147368,0.210263,8.4,1.58745,0.3
513,1,1,0.152632,0.213985,8.7,1.61555,0.3
514,1,1,0.152267,0.213491,8.67921,1.61182,0.3
515,1,1,0.15502,0.211736,8.83614,1.59857,0.3
516,1,1,0.158765,0.210508,9.04959,1.5893,0.3
518,1,1,0.159276,0.217763,9.07872,1.64407,0.3
520,1,1,0.160846,0.205258,9.1682,1.54966,0.3
521,1,1,0.14065,0.202899,8.01706,1.53186,0.3
522,1,1,0.154362,0.211488,8.79862,1.5967,0.3
523,1,1,0.155214,0.207752,8.84719,1.5685,0.3
524,1,1,0.149361,0.210585,8.51359,1.58988,0.3
525,1,1,0.154681,0.21152,8.81681,1.59694,0.3
526,1,1,0.151069,0.211109,8.61094,1.59384,0.3
527,1,1,0.152616,0.211112,8.69913,1.59386,0.3
528,1,1,0.147368,0.210263,8.4,1.58745,0.3
529,1,1,0.154361,0.211812,8.79857,1.59914,0.3
530,1,1,0.147368,0.210263,8.4,1.58745,0.3
531,1,1,0.151338,0.211363,8.62629,1.59575,0.3
532,1,1,0.147733,0.210275,8.42076,1.58754,0.3
533,1,1,0.164122,0.217359,9.35497,1.64102,0.3
534,1,1,0.168663,0.217827,9.61377,1.64456,0.3
535,1,1,0.150432,0.210694,8.5746,1.5907,0.3
537,1,1,0.157917,0.217643,9.00126,1.64317,0.3
538,1,1,0.147368,0.210263,8.4,1.58745,0.3
539,1,1,0.162781,0.215864,9.27849,1.62974,0.3
540,1,1,0.155883,0.212227,8.88534,1.60228,0.3
541,1,1,0.151667,0.212152,8.64502,1.60171,0.3
543,1,1,0.153308,0.211271,8.73856,1.59506,0.3
544,1,1,0.152245,0.200675,8.67797,1.51506,0.3
545,1,1,0.160723,0.209158,9.16123,1.57911,0.3
546,1,1,0.150923,0.211969,8.60261,1.60033,0.3
547,1,1,0.147368,0.210263,8.4,1.58745,0.3
548,1,1,0.150817,0.210829,8.59655,1.59172,0.3
549,1,1,0.166034,0.212354,9.46392,1.60324,0.3
551,1,1,0.148464,0.210347,8.46244,1.58809,0.3
552,1,1,0.1521,0.211656,8.66972,1.59797,0.3
553,1,1,0.156285,0.210398,8.90826,1.58847,0.3
554,1,1,0.15229,0.212282,8.68054,1.60269,0.3
555,1,1,0.147455,0.207664,8.40495,1.56783,0.3
556,1,1,0.159322,0.204334,9.08136,1.54269,0.3
557,1,1,0.147368,0.210263,8.4,1.58745,0.3
558,1,1,0.147368,0.210263,8.4,1.58745,0.3
559,1,1,0.150876,0.202691,8.59995,1.53028,0.3
560,1,1,0.1557,0.209816,8.87491,1.58407,0.3
561,1,1,0.150829,0.211105,8.59725,1.59381,0.3
562,1,1,0.154973,0.212287,8.83349,1.60273,0.3
563,1,1,0.14958,0.210925,8.52605,1.59245,0.3
564,1,1,0.163032,0.216637,9.29282,1.63558,0.3
565,1,1,0.147368,0.210263,8.4,1.58745,0.3
566,1,1,0.159402,0.2158,9.08589,1.62925,0.3
567,1,1,0.158086,0.214453,9.01091,1.61909,0.3
569,1,1,0.155219,0.206286,8.84751,1.55742,0.3
570,1,1,0.15085,0.211138,8.59848,1.59406,0.3
571,1,1,0.161684,0.219213,9.21601,1.65502,0.3
573,1,1,0.157953,0.211676,9.0033,1.59812,0.3
574,1,1,0.151488,0.200512,8.63481,1.51383,0.3
575,1,1,0.15609,0.21447,8.89715,1.61922,0.3
576,1,1,0.151009,0.211205,8.60749,1.59456,0.3
578,1,1,0.147368,0.210263,8.4,1.58745,0.3
579,1,1,0.155231,0.209272,8.84818,1.57997,0.3
580,1,1,0.15126,0.211058,8.62183,1.59345,0.3
581,1,1,0.151136,0.210832,8.61476,1.59175,0.3
582,1,1,0.151333,0.209702,8.626,1.58321,0.3
583,1,1,0.147368,0.210263,8.4,1.58745,0.3
584,1,1,0.163202,0.218009,9.30253,1.64593,0.3
585,1,1,0.155154,0.214707,8.8438,1.621,0.3
586,1,1,0.160572,0.20503,9.15259,1.54794,0.3
587,1,1,0.153466,0.211193,8.74754,1.59447,0.3
588,1,1,0.16413,0.21803,9.35542,1.64609,0.3
589,1,1,0.147368,0.210263,8.4,1.58745,0.3
590,1,1,0.149522,0.210615,8.52273,1.59011,0.3
591,1,1,0.16039,0.213263,9.14225,1.6101,0.3
592,1,1,0.164315,0.214127,9.36595,1.61662,0.3
593,1,1,0.156586,0.209998,8.92541,1.58545,0.3
594,1,1,0.162996,0.219737,9.29079,1.65898,0.3
595,1,1,0.148616,0.210372,8.47111,1.58828,0.3
596,1,1,0.161198,0.214274,9.18829,1.61773,0.3
597,1,1,0.165326,0.216486,9.42357,1.63443,0.3
598,1,1,0.164271,0.211859,9.36345,1.5995,0.3
599,1,1,0.152632,0.213985,8.7,1.61555,0.3
600,1,1,0.163378,0.217413,9.31255,1.64143,0.3
601,1,1,0.153761,0.206543,8.7644,1.55937,0.3
602,1,1,0.151703,0.212794,8.64706,1.60656,0.3
603,1,1,0.149829,0.201819,8.54028,1.5237,0.3
604,1,1,0.153547,0.20824,8.7522,1.57218,0.3
605,1,1,0.153647,0.212167,8.75787,1.60183,0.3
606,1,1,0.148637,0.21032,8.47233,1.58788,0.3
608,1,1,0.177099,0.221835,10.0947,1.67481,0.3
609,1,1,0.152068,0.208034,8.66788,1.57063,0.3
610,1,1,0.151038,0.210558,8.60917,1.58968,0.3
611,1,1,0.149025,0.210576,8.49444,1.58982,0.3
612,1,1,0.163538,0.215735,9.32165,1.62877,0.3
613,1,1,0.156678,0.211816,8.93063,1.59918,0.3
614,1,1,0.155457,0.203403,8.86106,1.53566,0.3
615,1,1,0.147368,0.210263,8.4,1.58745,0.3
616,1,1,0.166633,0.213004,9.49809,1.60815,0.3
617,1,1,0.156626,0.213631,8.92766,1.61288,0.3
618,1,1,0.149597,0.205823,8.52705,1.55393,0.3
619,1,1,0.151817,0.211334,8.65355,1.59554,0.3
620,1,1,0.16437,0.217527,9.36909,1.64229,0.3
622,1,1,0.153271,0.211581,8.73645,1.5974,0.3
623,1,1,0.158333,0.212643,9.02497,1.60542,0.3
624,1,1,0.168251,0.219086,9.59031,1.65406,0.3
625,1,1,0.153572,0.211974,8.7536,1.60037,0.3
626,1,1,0.1596,0.216317,9.09717,1.63316,0.3
627,1,1,0.158335,0.212577,9.02511,1.60492,0.3
628,1,1,0.151453,0.208307,8.63281,1.57269,0.3
630,1,1,0.153828,0.211893,8.76818,1.59976,0.3
631,1,1,0.153679,0.211629,8.75971,1.59776,0.3
633,1,1,0.147368,0.210263,8.4,1.58745,0.3
634,1,1,0.163622,0.218583,9.32645,1.65026,0.3
635,1,1,0.152265,0.210813,8.67911,1.5916,0.3
636,1,1,0.154049,0.211973,8.7808,1.60036,0.3
637,1,1,0.149012,0.210378,8.49367,1.58832,0.3
638,1,1,0.151501,0.210957,8.63558,1.59269,0.3
639,1,1,0.167058,0.219079,9.52232,1.65401,0.3
640,1,1,0.147368,0.210263,8.4,1.58745,0.3
641,1,1,0.16328,0.215041,9.30695,1.62352,0.3
642,1,1,0.153828,0.211176,8.76822,1.59434,0.3
643,1,1,0.147813,0.210272,8.42532,1.58752,0.3
644,1,1,0.164667,0.217058,9.386,1.63875,0.3
647,1,1,0.156537,0.208594,8.92262,1.57485,0.3
649,1,1,0.152258,0.211611,8.67873,1.59762,0.3
650,1,1,0.152632,0.213985,8.7,1.61555,0.3
652,1,1,0.148656,0.208603,8.47341,1.57492,0.3
653,1,1,0.15389,0.211151,8.77173,1.59415,0.3
654,1,1,0.156949,0.206474,8.94609,1.55884,0.3
655,1,1,0.152925,0.211188,8.71672,1.59443,0.3
656,1,1,0.153793,0.211072,8.76619,1.59356,0.3
657,1,1,0.163218,0.21576,9.30343,1.62895,0.3
658,1,1,0.158777,0.205918,9.05028,1.55464,0.3
659,1,1,0.162579,0.218721,9.26701,1.65131,0.3
660,1,1,0.150798,0.210726,8.59548,1.59095,0.3
663,1,1,0.147368,0.210263,8.4,1.58745,0.3
664,1,1,0.155245,0.212869,8.84898,1.60712,0.3
666,1,1,0.155316,0.214942,8.85299,1.62278,0.3
667,1,1,0.15519,0.211997,8.84585,1.60054,0.3
668,1,1,0.153408,0.211864,8.74424,1.59954,0.3
669,1,1,0.148396,0.210377,8.45859,1.58831,0.3
670,1,1,0.150158,0.210573,8.55898,1.58979,0.3
671,1,1,0.147368,0.210263,8.4,1.58745,0.3
672,1,1,0.153979,0.209281,8.77681,1.58004,0.3
673,1,1,0.146593,0.202537,8.35583,1.52912,0.3
674,1,1,0.165952,0.218041,9.45926,1.64617,0.3
675,1,1,0.156015,0.214169,8.89287,1.61694,0.3
676,1,1,0.162781,0.216813,9.27851,1.6369,0.3
677,1,1,0.152712,0.212191,8.7046,1.60201,0.3
678,1,1,0.147368,0.210263,8.4,1.58745,0.3
679,1,1,0.154845,0.214216,8.82617,1.6173,0.3
680,1,1,0.152405,0.210808,8.68706,1.59156,0.3
681,1,1,0.162293,0.213814,9.25072,1.61426,0.3
682,1,1,0.155625,0.208912,8.87064,1.57725,0.3
683,1,1,0.14689,0.20961,8.37273,1.58252,0.3
684,1,1,0.151501,0.211637,8.63556,1.59782,0.3
685,1,1,0.164714,0.217743,9.38869,1.64392,0.3
686,1,1,0.14966,0.210471,8.53063,1.58902,0.3
687,1,1,0.177451,0.220134,10.1147,1.66198,0.3
688,1,1,0.159576,0.215178,9.09584,1.62456,0.3
690,1,1,0.152413,0.209939,8.68754,1.585,0.3
691,1,1,0.155843,0.21164,8.88306,1.59785,0.3
692,1,1,0.165477,0.220254,9.43217,1.66288,0.3
694,1,1,0.159673,0.214405,9.10134,1.61872,0.3
695,1,1,0.15335,0.207815,8.74093,1.56897,0.3
696,1,1,0.154847,0.211488,8.82629,1.5967,0.3
697,1,1,0.147368,0.210263,8.4,1.58745,0.3
698,1,1,0.14845,0.210422,8.46168,1.58865,0.3
699,1,1,0.149032,0.210459,8.49483,1.58893,0.3
700,1,1,0.184693,0.223939,10.5275,1.6907,0.3
701,1,1,0.151822,0.212254,8.65387,1.60248,0.3
703,1,1,0.167918,0.218642,9.57132,1.65071,0.3
704,1,1,0.149821,0.208754,8.53982,1.57606,0.3
705,1,1,0.17199,0.218852,9.80342,1.65229,0.3
706,1,1,0.150262,0.205916,8.56494,1.55464,0.3
707,1,1,0.150461,0.207104,8.57625,1.5636,0.3
708,1,1,0.152424,0.210762,8.68819,1.59122,0.3
709,1,1,0.147585,0.202476,8.41234,1.52866,0.3
710,1,1,0.153036,0.211442,8.72307,1.59635,0.3
712,1,1,0.147368,0.210263,8.4,1.58745,0.3
714,1,1,0.154579,0.206265,8.81098,1.55727,0.3
715,1,1,0.151444,0.210554,8.63232,1.58965,0.3
716,1,1,0.147368,0.210263,8.4,1.58745,0.3
717,1,1,0.148448,0.200942,8.46155,1.51708,0.3
718,1,1,0.157436,0.211474,8.97386,1.59659,0.3
719,1,1,0.159028,0.213232,9.06458,1.60987,0.3
720,1,1,0.149333,0.21054,8.512,1.58954,0.3
721,1,1,0.15993,0.211902,9.116,1.59982,0.3
722,1,1,0.157885,0.204292,8.99942,1.54237,0.3
724,1,1,0.149285,0.210564,8.50923,1.58972,0.3
725,1,1,0.163521,0.212438,9.32067,1.60387,0.3
726,1,1,0.163628,0.219553,9.3268,1.65759,0.3
727,1,1,0.147368,0.210263,8.4,1.58745,0.3
728,1,1,0.15319,0.212387,8.73181,1.60349,0.3
730,1,1,0.151323,0.211018,8.62543,1.59315,0.3
731,1,1,0.149408,0.209928,8.51624,1.58492,0.3
732,1,1,0.161113,0.212673,9.18342,1.60565,0.3
733,1,1,0.164378,0.21653,9.36953,1.63476,0.3
734,1,1,0.163231,0.218785,9.3042,1.65179,0.3
735,1,1,0.164854,0.216975,9.39668,1.63813,0.3
736,1,1,0.151678,0.210953,8.64567,1.59266,0.3
737,1,1,0.158138,0.204618,9.01384,1.54483,0.3
738,1,1,0.154086,0.2133,8.78287,1.61038,0.3
739,1,1,0.154041,0.21239,8.78034,1.60351,0.3
740,1,1,0.160257,0.215558,9.13466,1.62742,0.3
741,1,1,0.148946,0.208678,8.48991,1.57548,0.3
742,1,1,0.153922,0.211426,8.77358,1.59623,0.3
743,1,1,0.147965,0.210142,8.43403,1.58654,0.3
745,1,1,0.145375,0.204209,8.28639,1.54174,0.3
746,1,1,0.142105,0.206474,8.1,1.55885,0.3
747,1,1,0.160254,0.211813,9.13448,1.59915,0.3
749,1,1,0.148136,0.203099,8.44373,1.53336,0.3
750,1,1,0.15853,0.20712,9.03619,1.56372,0.3
751,1,1,0.150057,0.210827,8.55323,1.59171,0.3
752,1,1,0.154323,0.211971,8.79639,1.60035,0.3
753,1,1,0.159386,0.210126,9.08499,1.58641,0.3
754,1,1,0.150179,0.210926,8.56018,1.59245,0.3
755,1,1,0.151725,0.210609,8.64831,1.59007,0.3
756,1,1,0.14897,0.20729,8.49128,1.565,0.3
757,1,1,0.153721,0.214143,8.76211,1.61674,0.3
758,1,1,0.166621,0.212612,9.49742,1.60518,0.3
759,1,1,0.149293,0.210445,8.5097,1.58882,0.3
760,1,1,0.183544,0.224443,10.462,1.69451,0.3
761,1,1,0.156395,0.214527,8.91454,1.61964,0.3
762,1,1,0.147368,0.210263,8.4,1.58745,0.3
763,1,1,0.153969,0.211386,8.77623,1.59593,0.3
764,1,1,0.172354,0.215404,9.82416,1.62626,0.3
765,1,1,0.148068,0.210329,8.43989,1.58795,0.3
766,1,1,0.160392,0.213263,9.14232,1.6101,0.3
767,1,1,0.147368,0.210263,8.4,1.58745,0.3
768,1,1,0.156784,0.212844,8.93668,1.60694,0.3
770,1,1,0.157633,0.211055,8.98511,1.59343,0.3
771,1,1,0.156399,0.209559,8.91473,1.58214,0.3
773,1,1,0.153252,0.211283,8.73536,1.59515,0.3
774,1,1,0.165047,0.215969,9.40769,1.63053,0.3
775,1,1,0.154055,0.213699,8.78114,1.6134,0.3
776,1,1,0.156289,0.212359,8.90848,1.60327,0.3
777,1,1,0.153062,0.211052,8.72455,1.59341,0.3
778,1,1,0.156186,0.209536,8.90262,1.58196,0.3
779,1,1,0.163809,0.218855,9.33713,1.65232,0.3
780,1,1,0.148905,0.210583,8.48757,1.58986,0.3
781,1,1,0.151846,0.210666,8.65522,1.59049,0.3
782,1,1,0.155342,0.213323,8.85448,1.61055,0.3
783,1,1,0.149557,0.204361,8.52473,1.54289,0.3
785,1,1,0.148556,0.210348,8.46769,1.58809,0.3
786,1,1,0.155757,0.211775,8.87816,1.59887,0.3
787,1,1,0.164381,0.21653,9.36972,1.63476,0.3
788,1,1,0.157895,0.217643,9,1.64317,0.3
790,1,1,0.15656,0.207874,8.9239,1.56942,0.3
791,1,1,0.153277,0.206437,8.7368,1.55856,0.3
792,1,1,0.147892,0.210274,8.42982,1.58754,0.3
793,1,1,0.152632,0.213985,8.7,1.61555,0.3
794,1,1,0.151037,0.210495,8.60909,1.58921,0.3
795,1,1,0.147368,0.210263,8.4,1.58745,0.3
796,1,1,0.150009,0.208158,8.5505,1.57156,0.3
797,1,1,0.150501,0.208791,8.57857,1.57634,0.3
798,1,1,0.159219,0.20848,9.07547,1.57399,0.3
799,1,1,0.159171,0.216326,9.07275,1.63323,0.3
800,1,1,0.160171,0.211721,9.12975,1.59846,0.3
801,1,1,0.155983,0.213735,8.89106,1.61367,0.3
802,1,1,0.161816,0.213773,9.22353,1.61395,0.3
803,1,1,0.153037,0.211641,8.72308,1.59786,0.3
804,1,1,0.147368,0.210263,8.4,1.58745,0.3
806,1,1,0.147368,0.210263,8.4,1.58745,0.3
808,1,1,0.158655,0.211494,9.04336,1.59675,0.3
809,1,1,0.196288,0.238481,11.1884,1.80049,0.3
810,1,1,0.153257,0.211892,8.73565,1.59975,0.3
811,1,1,0.153823,0.212439,8.76792,1.60388,0.3
814,1,1,0.16307,0.211222,9.29501,1.59469,0.3
815,1,1,0.157243,0.210025,8.96282,1.58565,0.3
816,1,1,0.147368,0.210263,8.4,1.58745,0.3
817,1,1,0.147368,0.210263,8.4,1.58745,0.3
818,1,1,0.157975,0.209421,9.00459,1.5811,0.3
819,1,1,0.160438,0.216069,9.14496,1.63129,0.3
820,1,1,0.151033,0.210523,8.60889,1.58942,0.3
822,1,1,0.151972,0.210671,8.66239,1.59053,0.3
823,1,1,0.202134,0.243688,11.5216,1.83981,0.3
824,1,1,0.159523,0.213742,9.09282,1.61372,0.3
825,1,1,0.153127,0.210769,8.72826,1.59127,0.3
826,1,1,0.164094,0.213876,9.35337,1.61473,0.3
828,1,1,0.154901,0.21243,8.82938,1.60381,0.3
829,1,1,0.157046,0.212108,8.95161,1.60138,0.3
830,1,1,0.164522,0.217782,9.37776,1.64422,0.3
831,1,1,0.165323,0.218089,9.42343,1.64654,0.3
833,1,1,0.152454,0.212269,8.68988,1.6026,0.3
834,1,1,0.149768,0.210522,8.53675,1.5894,0.3
835,1,1,0.148474,0.200949,8.46301,1.51713,0.3
836,1,1,0.159125,0.216101,9.07014,1.63153,0.3
837,1,1,0.158367,0.206101,9.02694,1.55603,0.3
838,1,1,0.151931,0.211114,8.66008,1.59387,0.3
840,1,1,0.152632,0.213985,8.7,1.61555,0.3
841,1,1,0.153706,0.211478,8.76123,1.59663,0.3
842,1,1,0.150145,0.210494,8.55829,1.58919,0.3
843,1,1,0.155555,0.21512,8.86663,1.62412,0.3
844,1,1,0.150801,0.201996,8.59564,1.52504,0.3
845,1,1,0.152632,0.213985,8.7,1.61555,0.3
846,1,1,0.151999,0.21107,8.66397,1.59354,0.3
847,1,1,0.167067,0.211727,9.52279,1.5985,0.3
848,1,1,0.167487,0.216137,9.54677,1.6318,0.3
849,1,1,0.15532,0.212003,8.85324,1.60059,0.3
850,1,1,0.152701,0.208539,8.70396,1.57443,0.3
851,1,1,0.153748,0.210972,8.76365,1.5928,0.3
852,1,1,0.157788,0.215455,8.9939,1.62665,0.3
853,1,1,0.151289,0.21074,8.62349,1.59105,0.3
854,1,1,0.148733,0.210335,8.4778,1.588,0.3
855,1,1,0.147368,0.210263,8.4,1.58745,0.3
856,1,1,0.152901,0.212438,8.71535,1.60387,0.3
857,1,1,0.14988,0.210705,8.54316,1.59079,0.3
858,1,1,0.153729,0.210959,8.76253,1.59271,0.3
859,1,1,0.164817,0.216955,9.39455,1.63797,0.3
860,1,1,0.155582,0.209215,8.86815,1.57954,0.3
861,1,1,0.152023,0.211326,8.66533,1.59548,0.3
862,1,1,0.155041,0.207124,8.83733,1.56375,0.3
863,1,1,0.154592,0.205984,8.81177,1.55514,0.3
864,1,1,0.164518,0.211489,9.37752,1.59671,0.3
865,1,1,0.155162,0.211604,8.84423,1.59758,0.3
866,1,1,0.151502,0.211418,8.63561,1.59617,0.3
867,1,1,0.158914,0.213227,9.05809,1.60983,0.3
868,1,1,0.154046,0.211228,8.78062,1.59474,0.3
870,1,1,0.147368,0.210263,8.4,1.58745,0.3
871,1,1,0.146784,0.209473,8.36667,1.58149,0.3
872,1,1,0.147368,0.210263,8.4,1.58745,0.3
873,1,1,0.151135,0.211303,8.61471,1.59531,0.3
874,1,1,0.150709,0.205785,8.5904,1.55364,0.3
875,1,1,0.15281,0.211816,8.7102,1.59918,0.3
877,1,1,0.161559,0.216191,9.20886,1.63221,0.3
878,1,1,0.163347,0.215268,9.31079,1.62524,0.3
879,1,1,0.15486,0.201916,8.82703,1.52443,0.3
880,1,1,0.157743,0.214621,8.99133,1.62035,0.3
882,1,1,0.147368,0.210263,8.4,1.58745,0.3
883,1,1,0.160567,0.215061,9.1523,1.62368,0.3
885,1,1,0.150298,0.211423,8.567,1.59621,0.3
886,1,1,0.1579,0.217643,9.00032,1.64317,0.3
887,1,1,0.164806,0.216911,9.39392,1.63765,0.3
888,1,1,0.152632,0.213985,8.7,1.61555,0.3
889,1,1,0.150096,0.211269,8.55546,1.59504,0.3
891,1,1,0.158148,0.211011,9.01442,1.5931,0.3
892,1,1,0.153525,0.211546,8.75093,1.59714,0.3
893,1,1,0.149507,0.210077,8.52188,1.58605,0.3
894,1,1,0.147368,0.210263,8.4,1.58745,0.3
895,1,1,0.163952,0.216173,9.34525,1.63207,0.3
896,1,1,0.163529,0.217085,9.32117,1.63895,0.3
897,1,1,0.160328,0.210153,9.13872,1.58662,0.3
898,1,1,0.159458,0.216282,9.08909,1.63289,0.3
899,1,1,0.153005,0.212124,8.72129,1.6015,0.3
900,1,1,0.153283,0.211554,8.73712,1.5972,0.3
901,1,1,0.153051,0.211021,8.72392,1.59317,0.3
902,1,1,0.154892,0.213416,8.82883,1.61126,0.3
905,1,1,0.148233,0.210318,8.44929,1.58787,0.3
906,1,1,0.153663,0.204772,8.7588,1.546,0.3
908,1,1,0.162899,0.216746,9.28523,1.6364,0.3
909,1,1,0.159524,0.216565,9.09285,1.63503,0.3
910,1,1,0.148093,0.210334,8.44129,1.58799,0.3
912,1,1,0.156852,0.211982,8.94059,1.60043,0.3
913,1,1,0.154527,0.21198,8.80803,1.60041,0.3
914,1,1,0.148874,0.210494,8.48583,1.5892,0.3
915,1,1,0.156986,0.212647,8.94821,1.60545,0.3
916,1,1,0.157626,0.205434,8.98467,1.551,0.3
917,1,1,0.164219,0.213124,9.36049,1.60905,0.3
918,1,1,0.168717,0.212361,9.61689,1.60329,0.3
919,1,1,0.153969,0.211454,8.77621,1.59644,0.3
920,1,1,0.148458,0.209044,8.46209,1.57824,0.3
921,1,1,0.158279,0.211808,9.0219,1.59911,0.3
922,1,1,0.159885,0.210436,9.11345,1.58876,0.3
923,1,1,0.15856,0.209552,9.03792,1.58209,0.3
924,1,1,0.155473,0.207881,8.86194,1.56947,0.3
926,1,1,0.148948,0.210354,8.49004,1.58814,0.3
927,1,1,0.149734,0.210542,8.53483,1.58956,0.3
928,1,1,0.160976,0.217402,9.17564,1.64135,0.3
930,1,1,0.160617,0.216128,9.15517,1.63173,0.3
931,1,1,0.152632,0.213985,8.7,1.61555,0.3
932,1,1,0.161864,0.214453,9.22624,1.61908,0.3
933,1,1,0.148675,0.210342,8.4745,1.58804,0.3
934,1,1,0.149729,0.210522,8.53454,1.5894,0.3
935,1,1,0.162552,0.216981,9.26546,1.63817,0.3
936,1,1,0.151495,0.21125,8.63521,1.5949,0.3
937,1,1,0.156407,0.214504,8.91521,1.61947,0.3
940,1,1,0.156502,0.21505,8.92064,1.62359,0.3
941,1,1,0.16315,0.214634,9.29956,1.62045,0.3
942,1,1,0.152134,0.211067,8.67165,1.59352,0.3
943,1,1,0.160662,0.214575,9.15773,1.62001,0.3
944,1,1,0.167802,0.212582,9.56469,1.60496,0.3
945,1,1,0.151414,0.210583,8.6306,1.58986,0.3
946,1,1,0.147368,0.210263,8.4,1.58745,0.3
947,1,1,0.153463,0.208188,8.74741,1.57178,0.3
948,1,1,0.158543,0.217689,9.03694,1.64351,0.3
949,1,1,0.156501,0.215019,8.92055,1.62336,0.3
950,1,1,0.153066,0.209021,8.72476,1.57807,0.3
951,1,1,0.15774,0.212503,8.9912,1.60436,0.3
952,1,1,0.147368,0.210263,8.4,1.58745,0.3
954,1,1,0.148236,0.210365,8.44943,1.58822,0.3
955,1,1,0.151618,0.210584,8.64222,1.58988,0.3
956,1,1,0.156985,0.211561,8.94812,1.59725,0.3
957,1,1,0.152632,0.213985,8.7,1.61555,0.3
959,1,1,0.154177,0.212065,8.78811,1.60106,0.3
962,1,1,0.161333,0.208643,9.19596,1.57522,0.3
963,1,1,0.150819,0.210884,8.59668,1.59214,0.3
964,1,1,0.154204,0.212467,8.78962,1.60409,0.3
965,1,1,0.154257,0.208111,8.79266,1.5712,0.3
966,1,1,0.148452,0.210347,8.46176,1.58809,0.3
967,1,1,0.152632,0.213985,8.7,1.61555,0.3
968,1,1,0.155571,0.212557,8.86755,1.60477,0.3
970,1,1,0.147893,0.200578,8.42987,1.51433,0.3
971,1,1,0.150567,0.210705,8.58232,1.59078,0.3
972,1,1,0.160458,0.213028,9.14612,1.60833,0.3
973,1,1,0.147368,0.210263,8.4,1.58745,0.3
974,1,1,0.164224,0.216244,9.36077,1.6326,0.3
975,1,1,0.152623,0.210747,8.69951,1.5911,0.3
976,1,1,0.161766,0.217171,9.22066,1.63961,0.3
977,1,1,0.149793,0.210766,8.53818,1.59125,0.3
978,1,1,0.151287,0.210555,8.62335,1.58966,0.3
979,1,1,0.150439,0.211537,8.575,1.59707,0.3
981,1,1,0.152424,0.213699,8.68816,1.61339,0.3
983,1,1,0.163718,0.219958,9.33194,1.66065,0.3
984,1,1,0.152632,0.213985,8.7,1.61555,0.3
985,1,1,0.148604,0.205304,8.47043,1.55001,0.3
986,1,1,0.147368,0.210263,8.4,1.58745,0.3
987,1,1,0.153137,0.212077,8.72879,1.60114,0.3
988,1,1,0.155214,0.207752,8.84719,1.5685,0.3
989,1,1,0.165341,0.216927,9.42446,1.63776,0.3
990,1,1,0.154501,0.21445,8.80658,1.61906,0.3
991,1,1,0.157855,0.210532,8.99771,1.58948,0.3
992,1,1,0.169305,0.221444,9.65037,1.67187,0.3
993,1,1,0.148669,0.210492,8.47412,1.58918,0.3
994,1,1,0.153501,0.20824,8.74955,1.57217,0.3
995,1,1,0.154882,0.201911,8.82829,1.52439,0.3
996,1,1,0.149313,0.210445,8.51081,1.58882,0.3
997,1,1,0.147368,0.210263,8.4,1.58745,0.3
998,1,1,0.147368,0.210263,8.4,1.58745,0.3
999,1,1,0.147368,0.210263,8.4,1.58745,0.3
1000,1,1,0.156443,0.211853,8.91722,1.59945,0.3
1001,1,1,0.149027,0.210456,8.49453,1.58891,0.3
1005,1,1,0.165343,0.21177,9.42457,1.59883,0.3
1006,1,1,0.149653,0.210969,8.53021,1.59278,0.3
1007,1,1,0.166152,0.218579,9.47064,1.65024,0.3
1008,1,1,0.157364,0.208708,8.96977,1.57571,0.3
1009,1,1,0.167312,0.215892,9.53678,1.62995,0.3
1010,1,1,0.161726,0.217764,9.21841,1.64408,0.3
1012,1,1,0.150289,0.211416,8.56649,1.59616,0.3
1013,1,1,0.147368,0.210263,8.4,1.58745,0.3
1014,1,1,0.151416,0.212472,8.63072,1.60413,0.3
1015,1,1,0.151673,0.210992,8.64536,1.59295,0.3
1016,1,1,0.148829,0.210444,8.48327,1.58881,0.3
1018,1,1,0.147368,0.210263,8.4,1.58745,0.3
1019,1,1,0.162516,0.21589,9.26342,1.62993,0.3
1020,1,1,0.164298,0.217279,9.36496,1.64042,0.3
1021,1,1,0.160332,0.208294,9.13891,1.57259,0.3
1022,1,1,0.161815,0.207264,9.22343,1.56481,0.3
1024,1,1,0.153507,0.212732,8.74989,1.60609,0.3
1025,1,1,0.150176,0.210439,8.56001,1.58878,0.3
1026,1,1,0.160678,0.216114,9.15866,1.63163,0.3
1027,1,1,0.156372,0.213199,8.9132,1.60961,0.3
1028,1,1,0.153261,0.214038,8.73589,1.61595,0.3
1029,1,1,0.151848,0.210805,8.65533,1.59155,0.3
1030,1,1,0.171197,0.217991,9.75822,1.6458,0.3
1031,1,1,0.169805,0.221674,9.67889,1.6736,0.3
1032,1,1,0.155959,0.209273,8.88964,1.57998,0.3
1033,1,1,0.162202,0.213384,9.24553,1.61101,0.3
1034,1,1,0.157921,0.214898,9.00152,1.62245,0.3
1035,1,1,0.147372,0.210263,8.40019,1.58745,0.3
1036,1,1,0.146641,0.206713,8.35855,1.56065,0.3
1037,1,1,0.152632,0.213985,8.7,1.61555,0.3
1038,1,1,0.166359,0.212878,9.48245,1.60719,0.3
1040,1,1,0.162418,0.210751,9.2578,1.59114,0.3
1041,1,1,0.152756,0.211531,8.70707,1.59702,0.3
1042,1,1,0.147944,0.210289,8.4328,1.58765,0.3
1043,1,1,0.147368,0.210263,8.4,1.58745,0.3
1044,1,1,0.155648,0.214196,8.87191,1.61715,0.3
1045,1,1,0.148983,0.210379,8.49206,1.58832,0.3
1046,1,1,0.152627,0.211779,8.69973,1.5989,0.3
1047,1,1,0.157597,0.213307,8.98303,1.61044,0.3
1048,1,1,0.146153,0.208724,8.33072,1.57583,0.3
1049,1,1,0.164164,0.214398,9.35734,1.61867,0.3
1050,1,1,0.164623,0.209459,9.38354,1.58138,0.3
1051,1,1,0.162779,0.208745,9.27842,1.57599,0.3
1052,1,1,0.163783,0.216931,9.33562,1.63779,0.3
1053,1,1,0.152458,0.210781,8.69011,1.59136,0.3
1054,1,1,0.149734,0.210529,8.53482,1.58946,0.3
1055,1,1,0.148583,0.210463,8.46922,1.58896,0.3
1056,1,1,0.14815,0.210293,8.44456,1.58768,0.3
1057,1,1,0.154761,0.207814,8.82137,1.56896,0.3
1058,1,1,0.166651,0.216922,9.49912,1.63772,0.3
1059,1,1,0.157519,0.203944,8.97857,1.53975,0.3
1060,1,1,0.16311,0.210828,9.29728,1.59172,0.3
1061,1,1,0.166548,0.211714,9.49321,1.59841,0.3
1062,1,1,0.154873,0.214581,8.82778,1.62005,0.3
1063,1,1,0.152553,0.211969,8.69552,1.60033,0.3
1064,1,1,0.147368,0.210263,8.4,1.58745,0.3
1065,1,1,0.148253,0.210369,8.45042,1.58825,0.3
1066,1,1,0.152698,0.211425,8.70381,1.59623,0.3
1069,1,1,0.148684,0.208527,8.475,1.57434,0.3
1070,1,1,0.158646,0.205819,9.04284,1.5539,0.3
1071,1,1,0.147436,0.208454,8.40383,1.57379,0.3
1073,1,1,0.155446,0.209387,8.8604,1.58083,0.3
1074,1,1,0.14655,0.209183,8.35333,1.5793,0.3
1075,1,1,0.160885,0.215486,9.17043,1.62688,0.3
1076,1,1,0.156822,0.209584,8.93885,1.58232,0.3
1077,1,1,0.151632,0.210246,8.64305,1.58732,0.3
1078,1,1,0.152405,0.210808,8.68706,1.59156,0.3
1079,1,1,0.149225,0.210373,8.50581,1.58828,0.3
1080,1,1,0.156481,0.209339,8.9194,1.58047,0.3
1081,1,1,0.150401,0.210733,8.57288,1.591,0.3
1082,1,1,0.159376,0.20825,9.08442,1.57225,0.3
1083,1,1,0.151556,0.211169,8.63869,1.59429,0.3
1084,1,1,0.159717,0.207273,9.10388,1.56487,0.3
1085,1,1,0.154404,0.211934,8.80104,1.60007,0.3
1086,1,1,0.156819,0.211012,8.93865,1.5931,0.3
1088,1,1,0.158446,0.211578,9.03143,1.59738,0.3
1089,1,1,0.14937,0.210438,8.51406,1.58877,0.3
1090,1,1,0.152632,0.213985,8.7,1.61555,0.3
1091,1,1,0.153548,0.21144,8.75222,1.59634,0.3
1092,1,1,0.149092,0.210539,8.49822,1.58953,0.3
1093,1,1,0.147956,0.210129,8.43348,1.58644,0.3
1094,1,1,0.15074,0.201967,8.59219,1.52482,0.3
1095,1,1,0.158776,0.205918,9.05025,1.55464,0.3
1096,1,1,0.147368,0.210263,8.4,1.58745,0.3
1097,1,1,0.14958,0.210925,8.52605,1.59245,0.3
1098,1,1,0.152089,0.213262,8.66905,1.61009,0.3
1099,1,1,0.151754,0.212027,8.64998,1.60077,0.3
1100,1,1,0.162964,0.213195,9.28896,1.60959,0.3
1101,1,1,0.164808,0.218541,9.39404,1.64995,0.3
1103,1,1,0.150852,0.211901,8.59855,1.59982,0.3
1104,1,1,0.147368,0.210263,8.4,1.58745,0.3
1105,1,1,0.165045,0.216456,9.40756,1.6342,0.3
1106,1,1,0.159197,0.215886,9.07421,1.62991,0.3
1107,1,1,0.169472,0.222855,9.65989,1.68252,0.3
1108,1,1,0.160053,0.215367,9.12302,1.62599,0.3
1109,1,1,0.149393,0.210422,8.5154,1.58865,0.3
1110,1,1,0.159929,0.217132,9.11593,1.63931,0.3
1111,1,1,0.15994,0.211673,9.11658,1.5981,0.3
1112,1,1,0.147368,0.210263,8.4,1.58745,0.3
1113,1,1,0.147368,0.210263,8.4,1.58745,0.3
1114,1,1,0.166466,0.217754,9.48856,1.644,0.3
1115,1,1,0.149422,0.210468,8.51703,1.589,0.3
1116,1,1,0.14967,0.205219,8.53118,1.54937,0.3
1117,1,1,0.152778,0.212761,8.70835,1.60631,0.3
1118,1,1,0.153695,0.211632,8.76059,1.59779,0.3
1119,1,1,0.153714,0.212076,8.76168,1.60114,0.3
1120,1,1,0.151564,0.211063,8.63913,1.59349,0.3
1122,1,1,0.157089,0.211808,8.95407,1.59912,0.3
1123,1,1,0.152632,0.213985,8.7,1.61555,0.3
1124,1,1,0.162245,0.217206,9.24797,1.63987,0.3
1126,1,1,0.163693,0.21595,9.33047,1.63039,0.3
1127,1,1,0.161257,0.208588,9.19167,1.5748,0.3
1128,1,1,0.155433,0.209378,8.85968,1.58077,0.3
1129,1,1,0.167978,0.211929,9.57477,1.60003,0.3
1130,1,1,0.152552,0.211296,8.69545,1.59525,0.3
1133,1,1,0.147368,0.210263,8.4,1.58745,0.3
1135,1,1,0.151733,0.204838,8.64879,1.54649,0.3
1136,1,1,0.149645,0.210614,8.52977,1.5901,0.3
1137,1,1,0.147368,0.210263,8.4,1.58745,0.3
1139,1,1,0.157128,0.205443,8.95631,1.55106,0.3
1141,1,1,0.160292,0.215781,9.13666,1.62911,0.3
1142,1,1,0.177279,0.217754,10.1049,1.64401,0.3
1143,1,1,0.149762,0.210408,8.53641,1.58855,0.3
1144,1,1,0.166015,0.212557,9.46285,1.60477,0.3
1145,1,1,0.148916,0.20795,8.48824,1.56999,0.3
1146,1,1,0.155213,0.208416,8.84714,1.57351,0.3
1147,1,1,0.165613,0.218193,9.43996,1.64732,0.3
1148,1,1,0.151414,0.21102,8.63058,1.59317,0.3
1149,1,1,0.155008,0.212056,8.83547,1.60099,0.3
1150,1,1,0.147368,0.210263,8.4,1.58745,0.3
1151,1,1,0.152965,0.212694,8.71899,1.60581,0.3
1152,1,1,0.151613,0.21102,8.64194,1.59316,0.3
1153,1,1,0.151439,0.211297,8.63205,1.59526,0.3
1154,1,1,0.151545,0.210923,8.63806,1.59243,0.3
1155,1,1,0.149538,0.210638,8.52366,1.59028,0.3
1156,1,1,0.147762,0.210284,8.42241,1.58761,0.3
1157,1,1,0.147368,0.210263,8.4,1.58745,0.3
1158,1,1,0.147561,0.20819,8.41099,1.5718,0.3
1159,1,1,0.153101,0.211793,8.72676,1.599,0.3
1160,1,1,0.161991,0.21547,9.23346,1.62676,0.3
1161,1,1,0.15342,0.214067,8.74491,1.61617,0.3
1162,1,1,0.154446,0.211819,8.8034,1.5992,0.3
1163,1,1,0.168688,0.216302,9.61523,1.63304,0.3
1164,1,1,0.156302,0.214752,8.9092,1.62134,0.3
1166,1,1,0.162579,0.214168,9.267,1.61694,0.3
1167,1,1,0.153485,0.208192,8.74865,1.57181,0.3
1169,1,1,0.203429,0.24478,11.5954,1.84805,0.3
1170,1,1,0.152022,0.211326,8.66523,1.59548,0.3
1171,1,1,0.158142,0.209158,9.01409,1.57911,0.3
1172,1,1,0.148304,0.208042,8.45333,1.57068,0.3
1173,1,1,0.165126,0.216506,9.41217,1.63459,0.3
1175,1,1,0.147368,0.210263,8.4,1.58745,0.3
1176,1,1,0.165441,0.217462,9.43016,1.6418,0.3
1177,1,1,0.14871,0.210411,8.4765,1.58857,0.3
1178,1,1,0.163915,0.212342,9.34317,1.60315,0.3
1179,1,1,0.151267,0.212313,8.62222,1.60293,0.3
1180,1,1,0.147368,0.210263,8.4,1.58745,0.3
1181,1,1,0.15319,0.212172,8.73181,1.60186,0.3
1182,1,1,0.152111,0.21257,8.67031,1.60487,0.3
1183,1,1,0.150732,0.2058,8.5917,1.55375,0.3
1184,1,1,0.152878,0.207583,8.71406,1.56722,0.3
1185,1,1,0.158139,0.210713,9.01394,1.59085,0.3
1187,1,1,0.150064,0.211246,8.55366,1.59487,0.3
1188,1,1,0.153517,0.208262,8.75045,1.57234,0.3
1189,1,1,0.147368,0.210263,8.4,1.58745,0.3
1190,1,1,0.163277,0.215444,9.30676,1.62656,0.3
1191,1,1,0.149814,0.205618,8.53939,1.55239,0.3
1192,1,1,0.152841,0.211446,8.71191,1.59638,0.3
1193,1,1,0.152094,0.209824,8.66934,1.58414,0.3
1194,1,1,0.156941,0.213715,8.94564,1.61351,0.3
1195,1,1,0.147368,0.210263,8.4,1.58745,0.3
1196,1,1,0.153167,0.211345,8.73053,1.59562,0.3
1197,1,1,0.146763,0.206365,8.36551,1.55802,0.3
1198,1,1,0.157051,0.210452,8.95192,1.58888,0.3
1199,1,1,0.160857,0.205258,9.16885,1.54966,0.3
1200,1,1,0.158663,0.212744,9.04379,1.60618,0.3
1201,1,1,0.151115,0.20673,8.61355,1.56078,0.3
1202,1,1,0.165587,0.219631,9.43845,1.65818,0.3
1203,1,1,0.150097,0.210579,8.55554,1.58984,0.3
1204,1,1,0.164328,0.209967,9.3667,1.58522,0.3
1205,1,1,0.153094,0.204035,8.72634,1.54043,0.3
1206,1,1,0.149171,0.2104,8.50276,1.58849,0.3
1208,1,1,0.156057,0.214201,8.89522,1.61719,0.3
1209,1,1,0.164989,0.216752,9.40437,1.63644,0.3
1210,1,1,0.15761,0.214471,8.9838,1.61922,0.3
1211,1,1,0.149703,0.211,8.53305,1.59302,0.3
1212,1,1,0.150006,0.210432,8.55036,1.58872,0.3
1213,1,1,0.149756,0.210563,8.5361,1.58971,0.3
1214,1,1,0.152952,0.210542,8.71827,1.58956,0.3
1216,1,1,0.147368,0.210263,8.4,1.58745,0.3
1217,1,1,0.154565,0.212704,8.81023,1.60588,0.3
1219,1,1,0.166554,0.217345,9.49356,1.64092,0.3
1220,1,1,0.147368,0.210263,8.4,1.58745,0.3
1221,1,1,0.150658,0.210498,8.58748,1.58923,0.3
1222,1,1,0.161554,0.219299,9.20857,1.65567,0.3
1223,1,1,0.164836,0.217711,9.39567,1.64368,0.3
1224,1,1,0.160267,0.215145,9.13519,1.62431,0.3
1225,1,1,0.150404,0.211098,8.573,1.59376,0.3
1226,1,1,0.160299,0.215626,9.13706,1.62794,0.3
1227,1,1,0.157508,0.212221,8.97796,1.60223,0.3
1228,1,1,0.163807,0.216769,9.337,1.63657,0.3
1229,1,1,0.15189,0.211988,8.6577,1.60047,0.3
1230,1,1,0.153208,0.212417,8.73287,1.60371,0.3
1231,1,1,0.173482,0.221548,9.88847,1.67265,0.3
1233,1,1,0.150184,0.208299,8.56048,1.57262,0.3
1234,1,1,0.164421,0.220517,9.372,1.66487,0.3
1235,1,1,0.164037,0.217041,9.35009,1.63863,0.3
1236,1,1,0.163669,0.218741,9.32914,1.65146,0.3
1237,1,1,0.15482,0.214491,8.82477,1.61937,0.3
1238,1,1,0.147368,0.210263,8.4,1.58745,0.3
1239,1,1,0.147368,0.210263,8.4,1.58745,0.3
1240,1,1,0.151814,0.211824,8.65337,1.59923,0.3
1241,1,1,0.157148,0.212421,8.95744,1.60374,0.3
1242,1,1,0.149905,0.210507,8.54457,1.58929,0.3
1243,1,1,0.15926,0.21068,9.07781,1.5906,0.3
1244,1,1,0.165082,0.213769,9.40965,1.61392,0.3
1245,1,1,0.151325,0.210679,8.62554,1.59059,0.3
1247,1,1,0.147368,0.210263,8.4,1.58745,0.3
1250,1,1,0.14898,0.208022,8.49186,1.57053,0.3
1251,1,1,0.147368,0.210263,8.4,1.58745,0.3
1252,1,1,0.157855,0.214265,8.99773,1.61767,0.3
1254,1,1,0.152563,0.211534,8.69608,1.59704,0.3
1255,1,1,0.148351,0.210394,8.45602,1.58844,0.3
1256,1,1,0.15328,0.214001,8.73694,1.61567,0.3
1257,1,1,0.148511,0.205022,8.46511,1.54788,0.3
1259,1,1,0.154723,0.207746,8.81923,1.56844,0.3
1260,1,1,0.149989,0.210577,8.54939,1.58982,0.3
1261,1,1,0.147368,0.210263,8.4,1.58745,0.3
1262,1,1,0.16055,0.205152,9.15138,1.54887,0.3
1263,1,1,0.143563,0.203936,8.18308,1.53968,0.3
1264,1,1,0.147368,0.210263,8.4,1.58745,0.3
1265,1,1,0.148239,0.210366,8.44964,1.58823,0.3
1266,1,1,0.150227,0.210546,8.56291,1.58959,0.3
1267,1,1,0.151447,0.205415,8.6325,1.55085,0.3
1268,1,1,0.158918,0.216427,9.05831,1.63399,0.3
1269,1,1,0.165199,0.217303,9.41633,1.6406,0.3
1270,1,1,0.168064,0.218689,9.57966,1.65107,0.3
1271,1,1,0.150333,0.20816,8.56901,1.57157,0.3
1272,1,1,0.15594,0.213924,8.88857,1.61509,0.3
1273,1,1,0.147284,0.207465,8.39517,1.56633,0.3
1275,1,1,0.155757,0.211399,8.87812,1.59603,0.3
1276,1,1,0.151514,0.209701,8.63629,1.58321,0.3
1277,1,1,0.170381,0.218523,9.71174,1.64982,0.3
1278,1,1,0.15343,0.212148,8.7455,1.60168,0.3
1279,1,1,0.155193,0.211437,8.84597,1.59631,0.3
1280,1,1,0.15806,0.214449,9.00941,1.61906,0.3
1281,1,1,0.151939,0.211947,8.6605,1.60016,0.3
1283,1,1,0.148687,0.210382,8.47515,1.58835,0.3
1284,1,1,0.152757,0.211765,8.70713,1.59879,0.3
1285,1,1,0.150359,0.210791,8.57045,1.59144,0.3
1286,1,1,0.147368,0.210263,8.4,1.58745,0.3
1287,1,1,0.151449,0.210565,8.63257,1.58973,0.3
1288,1,1,0.152855,0.211224,8.71272,1.5947,0.3
1289,1,1,0.149331,0.207351,8.51189,1.56547,0.3
1290,1,1,0.148345,0.210392,8.45568,1.58843,0.3
1291,1,1,0.149565,0.210618,8.5252,1.59013,0.3
1292,1,1,0.163753,0.211212,9.33395,1.59461,0.3
1294,1,1,0.152632,0.213985,8.7,1.61555,0.3
1295,1,1,0.152602,0.210894,8.69832,1.59222,0.3
1296,1,1,0.159129,0.217366,9.07034,1.64108,0.3
1297,1,1,0.150622,0.204597,8.58545,1.54467,0.3
1298,1,1,0.156672,0.212081,8.9303,1.60118,0.3
1299,1,1,0.146518,0.208075,8.35155,1.57093,0.3
1300,1,1,0.160877,0.216517,9.16998,1.63466,0.3
1301,1,1,0.15391,0.211025,8.77289,1.59321,0.3
1302,1,1,0.150594,0.210549,8.58386,1.58961,0.3
1303,1,1,0.163327,0.21762,9.30966,1.643,0.3
1304,1,1,0.147711,0.210279,8.4195,1.58757,0.3
1305,1,1,0.148905,0.210378,8.48761,1.58832,0.3
1306,1,1,0.150608,0.209214,8.58468,1.57953,0.3
1307,1,1,0.155417,0.212067,8.85875,1.60107,0.3
1308,1,1,0.152632,0.213985,8.7,1.61555,0.3
1309,1,1,0.153915,0.211742,8.77314,1.59862,0.3
1310,1,1,0.164804,0.212945,9.39385,1.6077,0.3
1313,1,1,0.164904,0.218354,9.39954,1.64854,0.3
1315,1,1,0.1487,0.210503,8.47588,1.58926,0.3
1316,1,1,0.166121,0.218418,9.46892,1.64902,0.3
1317,1,1,0.163025,0.218476,9.2924,1.64946,0.3
1318,1,1,0.147368,0.210263,8.4,1.58745,0.3
1319,1,1,0.154317,0.21381,8.79605,1.61423,0.3
1320,1,1,0.152877,0.203857,8.71401,1.53908,0.3
1321,1,1,0.156991,0.21297,8.94849,1.60789,0.3
1322,1,1,0.149351,0.210481,8.51301,1.5891,0.3
1323,1,1,0.154041,0.211,8.78036,1.59301,0.3
1324,1,1,0.151107,0.210793,8.61308,1.59145,0.3
1325,1,1,0.158992,0.216592,9.06257,1.63523,0.3
1326,1,1,0.151313,0.210761,8.62481,1.59121,0.3
1328,1,1,0.157437,0.203807,8.97392,1.53871,0.3
1329,1,1,0.151544,0.210783,8.63798,1.59138,0.3
1330,1,1,0.150328,0.210779,8.56867,1.59135,0.3
1332,1,1,0.164008,0.21593,9.34848,1.63024,0.3
1333,1,1,0.160321,0.216145,9.13827,1.63186,0.3
1334,1,1,0.152448,0.208923,8.68952,1.57733,0.3
1335,1,1,0.157148,0.213652,8.95746,1.61303,0.3
1336,1,1,0.160399,0.214778,9.14277,1.62154,0.3
1337,1,1,0.147964,0.210311,8.43394,1.58781,0.3
1338,1,1,0.160361,0.217332,9.14058,1.64082,0.3
1339,1,1,0.147368,0.210263,8.4,1.58745,0.3
1340,1,1,0.148601,0.21032,8.47028,1.58788,0.3
1341,1,1,0.156442,0.209332,8.91718,1.58042,0.3
1342,1,1,0.159453,0.215937,9.08884,1.63029,0.3
1343,1,1,0.150769,0.210583,8.59384,1.58987,0.3
1345,1,1,0.152632,0.213985,8.7,1.61555,0.3
1346,1,1,0.142105,0.206474,8.1,1.55885,0.3
1347,1,1,0.171277,0.219558,9.7628,1.65763,0.3
1348,1,1,0.152632,0.213985,8.7,1.61555,0.3
1350,1,1,0.163117,0.215348,9.29769,1.62584,0.3
1351,1,1,0.149572,0.210466,8.52562,1.58898,0.3
1352,1,1,0.156209,0.209166,8.90394,1.57917,0.3
1353,1,1,0.148409,0.210336,8.45931,1.588,0.3
1354,1,1,0.152957,0.212225,8.71857,1.60226,0.3
1355,1,1,0.162146,0.217194,9.24234,1.63978,0.3
1356,1,1,0.147368,0.210263,8.4,1.58745,0.3
1359,1,1,0.15972,0.213935,9.10405,1.61517,0.3
1360,1,1,0.147629,0.210272,8.41487,1.58752,0.3
1362,1,1,0.163843,0.216118,9.33904,1.63166,0.3
1363,1,1,0.15432,0.211631,8.79626,1.59778,0.3
1364,1,1,0.150887,0.210748,8.60055,1.59111,0.3
1365,1,1,0.17171,0.222191,9.78745,1.6775,0.3
1367,1,1,0.152163,0.211308,8.67331,1.59534,0.3
1368,1,1,0.156236,0.211306,8.90544,1.59533,0.3
1369,1,1,0.150153,0.210802,8.55875,1.59152,0.3
1370,1,1,0.153132,0.214018,8.72851,1.6158,0.3
1371,1,1,0.147368,0.210263,8.4,1.58745,0.3
1372,1,1,0.148005,0.210318,8.4363,1.58787,0.3
1373,1,1,0.155362,0.212121,8.85565,1.60148,0.3
1375,1,1,0.147368,0.210263,8.4,1.58745,0.3
1376,1,1,0.156839,0.209546,8.93982,1.58204,0.3
1377,1,1,0.152632,0.213985,8.7,1.61555,0.3
1378,1,1,0.154878,0.206516,8.82807,1.55916,0.3
1379,1,1,0.147368,0.210263,8.4,1.58745,0.3
1380,1,1,0.146588,0.204587,8.35551,1.5446,0.3
1382,1,1,0.147368,0.210263,8.4,1.58745,0.3
1383,1,1,0.154332,0.211503,8.79693,1.59681,0.3
1384,1,1,0.158829,0.212999,9.05323,1.6081,0.3
1385,1,1,0.170128,0.216195,9.69727,1.63224,0.3
1386,1,1,0.149561,0.210604,8.525,1.59003,0.3
1387,1,1,0.166581,0.212635,9.49513,1.60536,0.3
1388,1,1,0.148,0.210317,8.436,1.58786,0.3
1389,1,1,0.152632,0.213985,8.7,1.61555,0.3
1390,1,1,0.147368,0.210263,8.4,1.58745,0.3
1392,1,1,0.177097,0.219025,10.0945,1.65361,0.3
1393,1,1,0.152323,0.211051,8.68242,1.5934,0.3
1394,1,1,0.160127,0.210102,9.12723,1.58623,0.3
1395,1,1,0.146003,0.204048,8.32215,1.54053,0.3
1396,1,1,0.147368,0.210263,8.4,1.58745,0.3
1397,1,1,0.159409,0.21502,9.08633,1.62336,0.3
1398,1,1,0.152033,0.210908,8.66588,1.59232,0.3
1400,1,1,0.163049,0.219542,9.29377,1.65751,0.3
1401,1,1,0.159225,0.215487,9.07582,1.62689,0.3
1402,1,1,0.165315,0.211767,9.42298,1.5988,0.3
1403,1,1,0.154313,0.211971,8.79585,1.60034,0.3
1406,1,1,0.14639,0.202441,8.34421,1.52839,0.3
1407,1,1,0.153976,0.2083,8.77661,1.57263,0.3
1408,1,1,0.147368,0.210263,8.4,1.58745,0.3
1409,1,1,0.150872,0.21115,8.59972,1.59415,0.3
1410,1,1,0.146309,0.201778,8.33962,1.52339,0.3
1411,1,1,0.149126,0.210478,8.50016,1.58908,0.3
1412,1,1,0.156218,0.210851,8.9044,1.59189,0.3
1413,1,1,0.159207,0.216798,9.0748,1.63679,0.3
1414,1,1,0.155376,0.212535,8.85643,1.60461,0.3
1415,1,1,0.147368,0.210263,8.4,1.58745,0.3
1416,1,1,0.157274,0.216836,8.96463,1.63708,0.3
1417,1,1,0.147368,0.210263,8.4,1.58745,0.3
1418,1,1,0.158599,0.211427,9.04012,1.59624,0.3
1419,1,1,0.177781,0.220884,10.1335,1.66764,0.3
1420,1,1,0.164706,0.220814,9.38825,1.66711,0.3
1421,1,1,0.159672,0.212917,9.10131,1.60749,0.3
1422,1,1,0.160687,0.218229,9.15914,1.64759,0.3
1423,1,1,0.15098,0.211035,8.60588,1.59328,0.3
1424,1,1,0.149174,0.210705,8.50294,1.59079,0.3
1425,1,1,0.170347,0.21754,9.7098,1.64239,0.3
1426,1,1,0.159219,0.213384,9.07547,1.61102,0.3
1427,1,1,0.152698,0.211425,8.70381,1.59623,0.3
1429,1,1,0.161315,0.208416,9.19498,1.57351,0.3
1430,1,1,0.150144,0.211305,8.55822,1.59532,0.3
1431,1,1,0.163814,0.221287,9.33737,1.67068,0.3
1432,1,1,0.164679,0.220054,9.38673,1.66137,0.3
1433,1,1,0.152632,0.213985,8.7,1.61555,0.3
1434,1,1,0.147368,0.210263,8.4,1.58745,0.3
1435,1,1,0.15867,0.21551,9.04417,1.62707,0.3
1436,1,1,0.154766,0.211142,8.82166,1.59409,0.3
1437,1,1,0.165906,0.216816,9.45663,1.63692,0.3
1438,1,1,0.149007,0.203816,8.49339,1.53878,0.3
1439,1,1,0.159777,0.214303,9.10727,1.61795,0.3
1440,1,1,0.167201,0.217762,9.53043,1.64407,0.3
1441,1,1,0.148842,0.210374,8.48399,1.58829,0.3
1444,1,1,0.146037,0.203871,8.32412,1.53919,0.3
1445,1,1,0.152948,0.211813,8.71802,1.59915,0.3
1446,1,1,0.160442,0.216481,9.14517,1.63439,0.3
1447,1,1,0.155753,0.211365,8.87791,1.59577,0.3
1448,1,1,0.151996,0.211678,8.66379,1.59813,0.3
1449,1,1,0.156948,0.208943,8.94604,1.57748,0.3
1450,1,1,0.15612,0.208172,8.89883,1.57167,0.3
1451,1,1,0.160404,0.207791,9.14302,1.56879,0.3
1453,1,1,0.151627,0.206104,8.64276,1.55605,0.3
1455,1,1,0.148875,0.210424,8.48589,1.58867,0.3
1456,1,1,0.171353,0.215857,9.76711,1.62969,0.3
1457,1,1,0.165727,0.218471,9.44646,1.64942,0.3
1458,1,1,0.155936,0.208572,8.88837,1.57469,0.3
1459,1,1,0.153595,0.211754,8.75493,1.59871,0.3
1460,1,1,0.154246,0.208485,8.79205,1.57403,0.3
1461,1,1,0.164282,0.216811,9.36408,1.63689,0.3
1462,1,1,0.178485,0.221924,10.1737,1.67549,0.3
1463,1,1,0.151416,0.212472,8.63072,1.60413,0.3
1464,1,1,0.147368,0.210263,8.4,1.58745,0.3
1465,1,1,0.153342,0.214052,8.74051,1.61606,0.3
1466,1,1,0.15434,0.211266,8.79741,1.59502,0.3
1467,1,1,0.16995,0.217586,9.68718,1.64274,0.3
1468,1,1,0.148618,0.210384,8.47125,1.58837,0.3
1469,1,1,0.160647,0.212256,9.15685,1.6025,0.3
1471,1,1,0.148427,0.210372,8.46031,1.58827,0.3
1472,1,1,0.162363,0.216274,9.2547,1.63284,0.3
1473,1,1,0.147368,0.210263,8.4,1.58745,0.3
1474,1,1,0.152239,0.211552,8.67761,1.59719,0.3
1475,1,1,0.148269,0.210373,8.45135,1.58828,0.3
1476,1,1,0.163806,0.216998,9.33697,1.6383,0.3
1477,1,1,0.169923,0.222204,9.6856,1.67761,0.3
1479,1,1,0.151083,0.21064,8.61175,1.5903,0.3
1480,1,1,0.149386,0.210398,8.51499,1.58847,0.3
1481,1,1,0.157895,0.217643,9,1.64317,0.3
1482,1,1,0.167289,0.218978,9.53547,1.65325,0.3
1483,1,1,0.152075,0.210871,8.66827,1.59204,0.3
1484,1,1,0.148992,0.21062,8.49252,1.59014,0.3
1485,1,1,0.152632,0.213985,8.7,1.61555,0.3
1486,1,1,0.154906,0.214672,8.82962,1.62074,0.3
1487,1,1,0.149551,0.210624,8.52439,1.59018,0.3
1488,1,1,0.151092,0.210851,8.61224,1.59189,0.3
1489,1,1,0.150567,0.210705,8.58232,1.59078,0.3
1490,1,1,0.164759,0.212937,9.39123,1.60764,0.3
1491,1,1,0.159204,0.216549,9.0746,1.63491,0.3
1492,1,1,0.15229,0.211939,8.68051,1.6001,0.3
1493,1,1,0.155714,0.207347,8.87572,1.56543,0.3
1494,1,1,0.149227,0.210476,8.50592,1.58906,0.3
1496,1,1,0.152632,0.213985,8.7,1.61555,0.3
1497,1,1,0.143517,0.203466,8.18046,1.53613,0.3
1498,1,1,0.165011,0.210762,9.40563,1.59122,0.3
1499,1,1,0.154417,0.214409,8.80178,1.61875,0.3
1500,1,1,0.155632,0.212273,8.871,1.60262,0.3
1501,1,1,0.15406,0.206963,8.78142,1.56254,0.3
1502,1,1,0.16626,0.22008,9.4768,1.66157,0.3
1503,1,1,0.151479,0.211384,8.63428,1.59591,0.3
1504,1,1,0.154477,0.214438,8.80522,1.61897,0.3
1506,1,1,0.157205,0.211793,8.96067,1.599,0.3
1507,1,1,0.157313,0.215578,8.96686,1.62758,0.3
1508,1,1,0.152632,0.213985,8.7,1.61555,0.3
1509,1,1,0.147969,0.210312,8.43425,1.58782,0.3
1510,1,1,0.17419,0.216758,9.92885,1.63649,0.3
1511,1,1,0.156317,0.212737,8.91004,1.60613,0.3
1512,1,1,0.157543,0.21026,8.97994,1.58743,0.3
1513,1,1,0.153463,0.208195,8.74737,1.57183,0.3
1514,1,1,0.147368,0.210263,8.4,1.58745,0.3
1515,1,1,0.156956,0.213102,8.94649,1.60889,0.3
1516,1,1,0.146866,0.20697,8.37138,1.56259,0.3
1517,1,1,0.15349,0.214083,8.74891,1.61629,0.3
1518,1,1,0.164024,0.210746,9.34936,1.5911,0.3
1519,1,1,0.162347,0.214377,9.25378,1.61851,0.3
1520,1,1,0.165728,0.211347,9.44651,1.59564,0.3
1521,1,1,0.148309,0.210383,8.45363,1.58836,0.3
1522,1,1,0.159782,0.214303,9.10756,1.61795,0.3
1524,1,1,0.147368,0.210263,8.4,1.58745,0.3
1525,1,1,0.16052,0.211844,9.14964,1.59939,0.3
1526,1,1,0.167371,0.218172,9.54015,1.64717,0.3
1527,1,1,0.156445,0.214125,8.91735,1.61661,0.3
1528,1,1,0.169393,0.222665,9.65541,1.68108,0.3
1529,1,1,0.161555,0.214755,9.20863,1.62137,0.3
1530,1,1,0.152169,0.210614,8.67363,1.5901,0.3
1531,1,1,0.160182,0.208892,9.13035,1.5771,0.3
1532,1,1,0.151692,0.206677,8.64644,1.56038,0.3
1533,1,1,0.160135,0.214591,9.12768,1.62012,0.3
1534,1,1,0.168794,0.215159,9.62125,1.62441,0.3
1535,1,1,0.147368,0.210263,8.4,1.58745,0.3
1536,1,1,0.148827,0.210445,8.48313,1.58883,0.3
1537,1,1,0.151667,0.210423,8.64503,1.58866,0.3
1538,1,1,0.143963,0.206657,8.20588,1.56023,0.3
1539,1,1,0.158058,0.214448,9.0093,1.61905,0.3
1542,1,1,0.155902,0.21304,8.88642,1.60842,0.3
1543,1,1,0.181881,0.221596,10.3672,1.67301,0.3
1544,1,1,0.15806,0.214449,9.00941,1.61906,0.3
1545,1,1,0.156842,0.215327,8.94002,1.62569,0.3
1546,1,1,0.161203,0.216781,9.18859,1.63666,0.3
1547,1,1,0.14786,0.210296,8.42801,1.5877,0.3
1549,1,1,0.149758,0.211036,8.53621,1.59328,0.3
1550,1,1,0.16417,0.213827,9.35769,1.61436,0.3
1551,1,1,0.151822,0.211698,8.65385,1.59828,0.3
1552,1,1,0.153276,0.211411,8.7367,1.59612,0.3
1553,1,1,0.176448,0.216429,10.0575,1.63401,0.3
1554,1,1,0.149815,0.210472,8.53944,1.58903,0.3
1555,1,1,0.148666,0.210457,8.47398,1.58892,0.3
1557,1,1,0.152918,0.211239,8.71634,1.59482,0.3
1558,1,1,0.153656,0.20863,8.75841,1.57512,0.3
1559,1,1,0.148837,0.210437,8.48371,1.58877,0.3
1560,1,1,0.152632,0.213985,8.7,1.61555,0.3
1561,1,1,0.151424,0.208248,8.63119,1.57224,0.3
1562,1,1,0.164816,0.218545,9.39452,1.64998,0.3
1563,1,1,0.149337,0.210395,8.51219,1.58845,0.3
1564,1,1,0.155444,0.210976,8.86028,1.59283,0.3
1565,1,1,0.150381,0.207795,8.57172,1.56882,0.3
1566,1,1,0.142163,0.203247,8.10327,1.53448,0.3
1567,1,1,0.162111,0.218071,9.24032,1.6464,0.3
1568,1,1,0.149491,0.210624,8.521,1.59018,0.3
1569,1,1,0.149164,0.210531,8.50236,1.58947,0.3
1570,1,1,0.163052,0.215231,9.29394,1.62496,0.3
1571,1,1,0.149139,0.210532,8.50091,1.58948,0.3
1572,1,1,0.157026,0.21203,8.95048,1.60079,0.3
1573,1,1,0.149533,0.2074,8.52337,1.56584,0.3
1574,1,1,0.147702,0.208726,8.41902,1.57585,0.3
1575,1,1,0.147368,0.210263,8.4,1.58745,0.3
1576,1,1,0.154422,0.207667,8.80206,1.56785,0.3
1577,1,1,0.155365,0.209958,8.85583,1.58515,0.3
1578,1,1,0.150382,0.21149,8.5718,1.59671,0.3
1579,1,1,0.147368,0.210263,8.4,1.58745,0.3
1580,1,1,0.155237,0.211257,8.84853,1.59495,0.3
1581,1,1,0.15166,0.211142,8.64461,1.59408,0.3
1582,1,1,0.153907,0.214201,8.7727,1.61718,0.3
1583,1,1,0.146733,0.208017,8.36381,1.57049,0.3
1584,1,1,0.147368,0.210263,8.4,1.58745,0.3
1585,1,1,0.157756,0.214196,8.99208,1.61714,0.3
1586,1,1,0.148735,0.210313,8.4779,1.58783,0.3
1587,1,1,0.151249,0.21131,8.62121,1.59535,0.3
1588,1,1,0.16948,0.214713,9.66035,1.62105,0.3
1589,1,1,0.158867,0.212412,9.05542,1.60368,0.3
1591,1,1,0.151419,0.210795,8.6309,1.59146,0.3
1592,1,1,0.161752,0.215484,9.21987,1.62687,0.3
1595,1,1,0.151406,0.211382,8.63012,1.5959,0.3
1596,1,1,0.147886,0.210299,8.42948,1.58772,0.3
1597,1,1,0.161769,0.216551,9.22084,1.63492,0.3
1598,1,1,0.151347,0.212397,8.62676,1.60356,0.3
1600,1,1,0.150834,0.210798,8.59753,1.59149,0.3
1601,1,1,0.14937,0.210506,8.51412,1.58928,0.3
1602,1,1,0.151134,0.21077,8.61466,1.59128,0.3
1603,1,1,0.169717,0.214762,9.67386,1.62142,0.3
1604,1,1,0.161809,0.214236,9.22311,1.61745,0.3
1605,1,1,0.163628,0.219553,9.3268,1.65759,0.3
1606,1,1,0.146015,0.205322,8.32283,1.55015,0.3
1607,1,1,0.152632,0.213985,8.7,1.61555,0.3
1608,1,1,0.152632,0.213985,8.7,1.61555,0.3
1609,1,1,0.149817,0.210595,8.53954,1.58996,0.3
1610,1,1,0.152441,0.208825,8.68913,1.57659,0.3
1611,1,1,0.156849,0.213567,8.94038,1.61239,0.3
1612,1,1,0.16177,0.208526,9.22092,1.57434,0.3
1613,1,1,0.151117,0.211239,8.61365,1.59482,0.3
1614,1,1,0.153178,0.210985,8.73116,1.5929,0.3
1615,1,1,0.150468,0.210604,8.57667,1.59003,0.3
1616,1,1,0.176569,0.220571,10.0644,1.66527,0.3
1617,1,1,0.151044,0.211452,8.60952,1.59643,0.3
1618,1,1,0.157795,0.214244,8.99432,1.61751,0.3
1619,1,1,0.154137,0.212097,8.78582,1.6013,0.3
1620,1,1,0.16314,0.215851,9.29897,1.62964,0.3
1621,1,1,0.149668,0.210978,8.53107,1.59285,0.3
1622,1,1,0.147368,0.210263,8.4,1.58745,0.3
1624,1,1,0.169774,0.219784,9.67714,1.65933,0.3
1625,1,1,0.151447,0.205415,8.6325,1.55085,0.3
1626,1,1,0.16053,0.212442,9.15019,1.6039,0.3
1627,1,1,0.146829,0.202711,8.36924,1.53043,0.3
1628,1,1,0.14744,0.210264,8.40408,1.58746,0.3
1629,1,1,0.151313,0.210503,8.62482,1.58926,0.3
1631,1,1,0.147662,0.210275,8.41671,1.58754,0.3
1632,1,1,0.148361,0.210397,8.4566,1.58846,0.3
1633,1,1,0.15275,0.207556,8.70677,1.56702,0.3
1634,1,1,0.162643,0.207322,9.27065,1.56525,0.3
1635,1,1,0.161038,0.216403,9.17918,1.6338,0.3
1636,1,1,0.160276,0.216929,9.13575,1.63778,0.3
1637,1,1,0.163155,0.216643,9.29984,1.63562,0.3
1639,1,1,0.150193,0.206873,8.56102,1.56185,0.3
1640,1,1,0.150478,0.21083,8.57725,1.59173,0.3
1642,1,1,0.153731,0.212458,8.76267,1.60402,0.3
1643,1,1,0.147674,0.210276,8.41743,1.58755,0.3
1644,1,1,0.148726,0.210348,8.47737,1.58809,0.3
1646,1,1,0.152632,0.213985,8.7,1.61555,0.3
1647,1,1,0.165516,0.218131,9.43439,1.64686,0.3
1649,1,1,0.150214,0.210604,8.56221,1.59003,0.3
1650,1,1,0.154603,0.211128,8.81237,1.59398,0.3
1651,1,1,0.155777,0.215223,8.8793,1.6249,0.3
1652,1,1,0.155663,0.205965,8.87279,1.555,0.3
1653,1,1,0.157337,0.214397,8.96821,1.61866,0.3
1654,1,1,0.151509,0.210576,8.636,1.58982,0.3
1655,1,1,0.158853,0.215175,9.0546,1.62453,0.3
1656,1,1,0.169076,0.213513,9.63734,1.61198,0.3
1657,1,1,0.150951,0.2107,8.6042,1.59075,0.3
1658,1,1,0.149738,0.210563,8.53508,1.58972,0.3
1659,1,1,0.160187,0.212297,9.13064,1.60281,0.3
1660,1,1,0.149514,0.203491,8.52231,1.53632,0.3
1661,1,1,0.154317,0.208464,8.79607,1.57387,0.3
1662,1,1,0.154891,0.212815,8.82881,1.60672,0.3
1663,1,1,0.156586,0.209998,8.92541,1.58545,0.3
1664,1,1,0.159743,0.216062,9.10535,1.63123,0.3
1665,1,1,0.160015,0.21414,9.12088,1.61672,0.3
1666,1,1,0.154205,0.213509,8.78967,1.61196,0.3
1667,1,1,0.162607,0.216878,9.26859,1.6374,0.3
1668,1,1,0.147368,0.210263,8.4,1.58745,0.3
1669,1,1,0.150221,0.21084,8.56258,1.5918,0.3
1670,1,1,0.147368,0.210263,8.4,1.58745,0.3
1671,1,1,0.148707,0.210389,8.47631,1.5884,0.3
1672,1,1,0.153444,0.208911,8.7463,1.57724,0.3
1673,1,1,0.159784,0.214303,9.10767,1.61795,0.3
1674,1,1,0.151424,0.210874,8.63116,1.59207,0.3
1675,1,1,0.151215,0.212259,8.61924,1.60252,0.3
1676,1,1,0.147851,0.210289,8.42752,1.58765,0.3
1677,1,1,0.149854,0.210473,8.54166,1.58904,0.3
1678,1,1,0.160191,0.208893,9.13088,1.5771,0.3
1679,1,1,0.174517,0.217851,9.94748,1.64474,0.3
1680,1,1,0.151849,0.211683,8.65537,1.59817,0.3
1681,1,1,0.153252,0.210913,8.73535,1.59236,0.3
1682,1,1,0.164633,0.216867,9.38406,1.63731,0.3
1683,1,1,0.147368,0.210263,8.4,1.58745,0.3
1684,1,1,0.146879,0.209596,8.37211,1.58242,0.3
1685,1,1,0.150813,0.210866,8.59635,1.59201,0.3
1686,1,1,0.149853,0.210402,8.54164,1.5885,0.3
1687,1,1,0.161459,0.21538,9.20316,1.62609,0.3
1688,1,1,0.146999,0.20749,8.37892,1.56651,0.3
1689,1,1,0.156924,0.214221,8.94466,1.61733,0.3
1690,1,1,0.161516,0.21711,9.20638,1.63915,0.3
1691,1,1,0.165221,0.216966,9.41758,1.63806,0.3
1692,1,1,0.157104,0.213389,8.95493,1.61105,0.3
1693,1,1,0.148342,0.210391,8.45551,1.58842,0.3
1694,1,1,0.165341,0.216927,9.42443,1.63776,0.3
1695,1,1,0.154135,0.213381,8.78567,1.61099,0.3
1696,1,1,0.148815,0.210406,8.48248,1.58853,0.3
1697,1,1,0.156536,0.212948,8.92257,1.60772,0.3
1698,1,1,0.156881,0.215095,8.94222,1.62393,0.3
1699,1,1,0.1505,0.211588,8.5785,1.59745,0.3
1700,1,1,0.156487,0.213228,8.91974,1.60984,0.3
1701,1,1,0.151505,0.211879,8.63577,1.59965,0.3
1703,1,1,0.160823,0.211181,9.1669,1.59438,0.3
1705,1,1,0.156506,0.211669,8.92086,1.59806,0.3
1707,1,1,0.157334,0.210149,8.96806,1.58659,0.3
1708,1,1,0.151457,0.210579,8.63308,1.58984,0.3
1709,1,1,0.146991,0.20816,8.37847,1.57158,0.3
1710,1,1,0.15177,0.209153,8.6509,1.57907,0.3
1711,1,1,0.16376,0.214069,9.3343,1.61619,0.3
1712,1,1,0.165952,0.218041,9.45926,1.64617,0.3
1713,1,1,0.153976,0.210121,8.77664,1.58638,0.3
1714,1,1,0.152776,0.211543,8.70825,1.59712,0.3
1715,1,1,0.151428,0.210087,8.63142,1.58612,0.3
1716,1,1,0.148343,0.210392,8.45558,1.58842,0.3
1719,1,1,0.150673,0.202577,8.58835,1.52942,0.3
1720,1,1,0.154134,0.211987,8.78565,1.60047,0.3
1721,1,1,0.161083,0.212258,9.18172,1.60251,0.3
1722,1,1,0.153468,0.212852,8.74768,1.607,0.3
1723,1,1,0.153424,0.20819,8.74515,1.5718,0.3
1724,1,1,0.15175,0.210866,8.64977,1.592,0.3
1725,1,1,0.148987,0.210528,8.49223,1.58945,0.3
1726,1,1,0.14865,0.209409,8.47308,1.581,0.3
1727,1,1,0.160997,0.208891,9.17685,1.57709,0.3
1728,1,1,0.161938,0.21054,9.23046,1.58955,0.3
1730,1,1,0.150766,0.211056,8.59365,1.59344,0.3
1731,1,1,0.149618,0.210948,8.52823,1.59262,0.3
1732,1,1,0.151168,0.200339,8.61658,1.51253,0.3
1733,1,1,0.152453,0.21276,8.68983,1.60631,0.3
1734,1,1,0.147368,0.210263,8.4,1.58745,0.3
1736,1,1,0.15974,0.211318,9.10517,1.59542,0.3
1737,1,1,0.150777,0.211788,8.59431,1.59897,0.3
1738,1,1,0.161104,0.216841,9.1829,1.63711,0.3
1739,1,1,0.151409,0.206855,8.63033,1.56172,0.3
1740,1,1,0.147368,0.210263,8.4,1.58745,0.3
1741,1,1,0.155032,0.211083,8.83683,1.59364,0.3
1742,1,1,0.15523,0.212311,8.84813,1.60292,0.3
1743,1,1,0.160384,0.208664,9.14192,1.57538,0.3
1744,1,1,0.147368,0.210263,8.4,1.58745,0.3
1745,1,1,0.160344,0.21733,9.13958,1.6408,0.3
1747,1,1,0.14992,0.210704,8.54542,1.59078,0.3
1748,1,1,0.15917,0.212837,9.07269,1.60689,0.3
1749,1,1,0.166794,0.219955,9.50727,1.66062,0.3
1750,1,1,0.165391,0.213841,9.42729,1.61447,0.3
1751,1,1,0.147368,0.210263,8.4,1.58745,0.3
1752,1,1,0.169904,0.218956,9.68453,1.65308,0.3
1753,1,1,0.148749,0.21038,8.47868,1.58834,0.3
1754,1,1,0.147368,0.210263,8.4,1.58745,0.3
1755,1,1,0.156807,0.211436,8.93802,1.59631,0.3
1756,1,1,0.147368,0.210263,8.4,1.58745,0.3
1757,1,1,0.15477,0.201871,8.82187,1.52409,0.3
1759,1,1,0.167498,0.215929,9.54739,1.63023,0.3
1761,1,1,0.147368,0.210263,8.4,1.58745,0.3
1762,1,1,0.156041,0.213306,8.89431,1.61042,0.3
1763,1,1,0.163903,0.215702,9.34246,1.62851,0.3
1764,1,1,0.151451,0.210958,8.63269,1.5927,0.3
1765,1,1,0.152991,0.206816,8.72049,1.56143,0.3
1766,1,1,0.151373,0.211881,8.62825,1.59967,0.3
1767,1,1,0.166502,0.216863,9.49061,1.63728,0.3
1768,1,1,0.150632,0.210865,8.58602,1.592,0.3
1769,1,1,0.15187,0.210637,8.65662,1.59027,0.3
1770,1,1,0.154527,0.20645,8.80801,1.55866,0.3
1771,1,1,0.156766,0.214782,8.93566,1.62157,0.3
1772,1,1,0.164321,0.218042,9.36633,1.64618,0.3
1773,1,1,0.159241,0.2154,9.07676,1.62624,0.3
1774,1,1,0.161953,0.213187,9.23129,1.60952,0.3
1775,1,1,0.150887,0.210734,8.60058,1.59101,0.3
1776,1,1,0.160296,0.206372,9.13687,1.55807,0.3
1777,1,1,0.160693,0.21617,9.15948,1.63205,0.3
1778,1,1,0.152655,0.212239,8.70131,1.60237,0.3
1779,1,1,0.147368,0.210263,8.4,1.58745,0.3
1780,1,1,0.167596,0.216773,9.55295,1.6366,0.3
1781,1,1,0.158472,0.213966,9.03291,1.61541,0.3
1782,1,1,0.152632,0.213985,8.7,1.61555,0.3
1783,1,1,0.147368,0.210263,8.4,1.58745,0.3
1784,1,1,0.161327,0.21131,9.19566,1.59536,0.3
1785,1,1,0.151608,0.211197,8.64164,1.5945,0.3
1786,1,1,0.151202,0.211721,8.61853,1.59846,0.3
1787,1,1,0.157286,0.210071,8.96529,1.586,0.3
1788,1,1,0.150411,0.206037,8.57344,1.55555,0.3
1789,1,1,0.151495,0.209958,8.63521,1.58515,0.3
1790,1,1,0.147368,0.210263,8.4,1.58745,0.3
1791,1,1,0.152268,0.208567,8.67928,1.57464,0.3
1792,1,1,0.155795,0.208499,8.8803,1.57414,0.3
1793,1,1,0.149312,0.210434,8.51079,1.58874,0.3
1794,1,1,0.154184,0.212077,8.78851,1.60114,0.3
1795,1,1,0.145518,0.202258,8.29454,1.52701,0.3
1796,1,1,0.149121,0.210433,8.4999,1.58873,0.3
1797,1,1,0.15473,0.212719,8.81959,1.60599,0.3
1798,1,1,0.153535,0.208243,8.7515,1.5722,0.3
1799,1,1,0.151766,0.211371,8.65064,1.59581,0.3
1800,1,1,0.150096,0.211269,8.55546,1.59504,0.3
1801,1,1,0.149756,0.210474,8.5361,1.58904,0.3
1802,1,1,0.149409,0.210545,8.51632,1.58958,0.3
1803,1,1,0.169479,0.214713,9.66032,1.62105,0.3
1804,1,1,0.147368,0.210263,8.4,1.58745,0.3
1805,1,1,0.16515,0.212109,9.41358,1.60139,0.3
1806,1,1,0.148893,0.210578,8.48689,1.58983,0.3
1807,1,1,0.147368,0.210263,8.4,1.58745,0.3
1808,1,1,0.166149,0.217576,9.47049,1.64266,0.3
1809,1,1,0.142106,0.206474,8.10006,1.55885,0.3
1811,1,1,0.149161,0.210432,8.5022,1.58872,0.3
1812,1,1,0.177615,0.21864,10.124,1.65069,0.3
1813,1,1,0.148027,0.210297,8.43754,1.58771,0.3
1814,1,1,0.202226,0.243732,11.5269,1.84014,0.3
1815,1,1,0.162298,0.219011,9.25098,1.65349,0.3
1816,1,1,0.147368,0.210263,8.4,1.58745,0.3
1817,1,1,0.15405,0.210016,8.78086,1.58559,0.3
1818,1,1,0.155933,0.209171,8.88819,1.5792,0.3
1819,1,1,0.155345,0.212087,8.85467,1.60122,0.3
1820,1,1,0.158203,0.205748,9.01756,1.55336,0.3
1821,1,1,0.160328,0.214313,9.1387,1.61803,0.3
1822,1,1,0.15752,0.210155,8.97865,1.58664,0.3
1823,1,1,0.150152,0.210997,8.55867,1.59299,0.3
1824,1,1,0.16577,0.210484,9.44889,1.58912,0.3
1825,1,1,0.162672,0.217938,9.27228,1.6454,0.3
1826,1,1,0.150207,0.210683,8.5618,1.59063,0.3
1827,1,1,0.147368,0.210263,8.4,1.58745,0.3
1828,1,1,0.151192,0.21164,8.61795,1.59784,0.3
1829,1,1,0.171021,0.219206,9.74821,1.65497,0.3
1830,1,1,0.150726,0.202627,8.59138,1.5298,0.3
1831,1,1,0.147368,0.210263,8.4,1.58745,0.3
1832,1,1,0.151459,0.21083,8.63316,1.59173,0.3
1833,1,1,0.150955,0.210835,8.60443,1.59177,0.3
1834,1,1,0.151351,0.212402,8.627,1.6036,0.3
1835,1,1,0.157128,0.214808,8.95627,1.62177,0.3
1836,1,1,0.160501,0.210191,9.14854,1.58691,0.3
1837,1,1,0.151134,0.210596,8.61464,1.58996,0.3
1838,1,1,0.156192,0.213397,8.90295,1.61111,0.3
1839,1,1,0.149225,0.210373,8.50581,1.58828,0.3
1840,1,1,0.152746,0.210873,8.70653,1.59206,0.3
1841,1,1,0.158025,0.212502,9.00743,1.60435,0.3
1843,1,1,0.150684,0.205784,8.58901,1.55363,0.3
1844,1,1,0.147368,0.210263,8.4,1.58745,0.3
1845,1,1,0.150911,0.210752,8.60191,1.59114,0.3
1846,1,1,0.161629,0.215039,9.21286,1.62351,0.3
1847,1,1,0.165444,0.21621,9.4303,1.63235,0.3
1848,1,1,0.157035,0.212485,8.951,1.60422,0.3
1849,1,1,0.151012,0.210525,8.60768,1.58943,0.3
1850,1,1,0.150035,0.210745,8.55199,1.59109,0.3
1851,1,1,0.147917,0.210277,8.43125,1.58755,0.3
1852,1,1,0.153696,0.211043,8.76067,1.59334,0.3
1853,1,1,0.148325,0.210326,8.4545,1.58793,0.3
1854,1,1,0.156545,0.208595,8.92308,1.57486,0.3
1855,1,1,0.161319,0.208602,9.19518,1.57491,0.3
1856,1,1,0.15148,0.211113,8.63433,1.59387,0.3
1857,1,1,0.158096,0.214454,9.01147,1.6191,0.3
1858,1,1,0.160308,0.209179,9.13758,1.57927,0.3
1859,1,1,0.164531,0.211626,9.37827,1.59774,0.3
1860,1,1,0.15901,0.210354,9.06357,1.58814,0.3
1861,1,1,0.202276,0.243757,11.5297,1.84033,0.3
1862,1,1,0.156375,0.212135,8.91335,1.60158,0.3
1863,1,1,0.171652,0.218333,9.78418,1.64838,0.3
1864,1,1,0.152024,0.211781,8.66536,1.59891,0.3
1865,1,1,0.147368,0.210263,8.4,1.58745,0.3
1867,1,1,0.151461,0.208866,8.63326,1.57691,0.3
1868,1,1,0.164794,0.214194,9.39325,1.61713,0.3
1869,1,1,0.160461,0.21051,9.14628,1.58932,0.3
1870,1,1,0.154027,0.21239,8.77952,1.60351,0.3
1871,1,1,0.152969,0.211171,8.71924,1.5943,0.3
1872,1,1,0.156024,0.204447,8.89336,1.54354,0.3
1873,1,1,0.153685,0.212092,8.76006,1.60126,0.3
1874,1,1,0.161254,0.218943,9.19148,1.65299,0.3
1875,1,1,0.152632,0.213985,8.7,1.61555,0.3
1876,1,1,0.146823,0.209524,8.36891,1.58187,0.3
1877,1,1,0.15647,0.208393,8.91878,1.57334,0.3
1878,1,1,0.147368,0.210263,8.4,1.58745,0.3
1880,1,1,0.155459,0.206244,8.86116,1.55711,0.3
1881,1,1,0.154259,0.21151,8.79274,1.59686,0.3
1882,1,1,0.151504,0.210925,8.63572,1.59245,0.3
1883,1,1,0.147368,0.210263,8.4,1.58745,0.3
1884,1,1,0.148974,0.210336,8.49149,1.588,0.3
1885,1,1,0.155771,0.212315,8.87896,1.60294,0.3
1886,1,1,0.151759,0.211884,8.65024,1.59969,0.3
1887,1,1,0.147368,0.210263,8.4,1.58745,0.3
1888,1,1,0.165352,0.217445,9.42509,1.64167,0.3
1889,1,1,0.161307,0.211376,9.19449,1.59586,0.3
1890,1,1,0.161307,0.211376,9.19449,1.59586,0.3
1892,1,1,0.162227,0.214723,9.24694,1.62113,0.3
1893,1,1,0.167769,0.21327,9.56283,1.61016,0.3
1894,1,1,0.147368,0.210263,8.4,1.58745,0.3
1895,1,1,0.163521,0.218038,9.32067,1.64615,0.3
1896,1,1,0.159431,0.213651,9.08754,1.61303,0.3
1897,1,1,0.164177,0.216036,9.35807,1.63104,0.3
1898,1,1,0.15294,0.211468,8.71758,1.59655,0.3
1899,1,1,0.15254,0.208393,8.69477,1.57333,0.3
1900,1,1,0.152514,0.21152,8.6933,1.59694,0.3
1901,1,1,0.159246,0.210817,9.07702,1.59163,0.3
1902,1,1,0.157657,0.209637,8.98646,1.58273,0.3
1904,1,1,0.165321,0.217111,9.42329,1.63916,0.3
1905,1,1,0.162936,0.210817,9.28733,1.59163,0.3
1906,1,1,0.147368,0.210263,8.4,1.58745,0.3
1907,1,1,0.152443,0.212071,8.68927,1.6011,0.3
1909,1,1,0.165848,0.214613,9.45336,1.62029,0.3
1910,1,1,0.164214,0.212177,9.36018,1.6019,0.3
1911,1,1,0.156213,0.210851,8.90411,1.59189,0.3
1912,1,1,0.15269,0.210969,8.70331,1.59278,0.3
1913,1,1,0.14212,0.206474,8.10082,1.55885,0.3
1915,1,1,0.1481,0.210316,8.44172,1.58785,0.3
1916,1,1,0.150741,0.210555,8.59224,1.58966,0.3
1917,1,1,0.147368,0.210263,8.4,1.58745,0.3
1918,1,1,0.160652,0.216247,9.15716,1.63263,0.3
1919,1,1,0.162589,0.208798,9.26756,1.57639,0.3
1920,1,1,0.151345,0.210874,8.62665,1.59206,0.3
1921,1,1,0.152632,0.213985,8.7,1.61555,0.3
1923,1,1,0.160624,0.216128,9.15558,1.63173,0.3
1924,1,1,0.150548,0.210616,8.58122,1.59012,0.3
1925,1,1,0.147368,0.210263,8.4,1.58745,0.3
1926,1,1,0.153955,0.212677,8.77543,1.60568,0.3
1927,1,1,0.151498,0.212222,8.63536,1.60224,0.3
1928,1,1,0.156656,0.203849,8.9294,1.53903,0.3
1929,1,1,0.157098,0.214986,8.9546,1.62311,0.3
1930,1,1,0.152632,0.213985,8.7,1.61555,0.3
1931,1,1,0.156459,0.208436,8.91817,1.57366,0.3
1932,1,1,0.148106,0.210309,8.44206,1.5878,0.3
1933,1,1,0.151426,0.211015,8.63127,1.59313,0.3
1934,1,1,0.163993,0.216596,9.34758,1.63526,0.3
1935,1,1,0.163835,0.215837,9.33859,1.62953,0.3
1936,1,1,0.148932,0.210594,8.48911,1.58995,0.3
1937,1,1,0.15177,0.210739,8.65087,1.59104,0.3
1938,1,1,0.163628,0.219553,9.3268,1.65759,0.3
1939,1,1,0.150105,0.211276,8.55601,1.5951,0.3
1940,1,1,0.157954,0.215027,9.0034,1.62342,0.3
1941,1,1,0.157558,0.215301,8.9808,1.62549,0.3
1942,1,1,0.148068,0.210297,8.43989,1.5877,0.3
1943,1,1,0.152174,0.210978,8.67393,1.59285,0.3
1944,1,1,0.160276,0.216929,9.13575,1.63778,0.3
1945,1,1,0.150729,0.210602,8.59155,1.59001,0.3
1946,1,1,0.1597,0.212368,9.10291,1.60334,0.3
1947,1,1,0.163517,0.219756,9.32046,1.65913,0.3
1948,1,1,0.147368,0.210263,8.4,1.58745,0.3
1949,1,1,0.153774,0.214158,8.76511,1.61686,0.3
1950,1,1,0.154068,0.210017,8.78185,1.5856,0.3
1951,1,1,0.151809,0.2107,8.65309,1.59075,0.3
1952,1,1,0.149791,0.210603,8.5381,1.59002,0.3
1953,1,1,0.150242,0.210573,8.5638,1.58979,0.3
1954,1,1,0.142225,0.203261,8.10682,1.53459,0.3
1955,1,1,0.152549,0.211347,8.69531,1.59563,0.3
1956,1,1,0.15614,0.214976,8.89997,1.62303,0.3
1957,1,1,0.154126,0.208073,8.78521,1.57092,0.3
1958,1,1,0.152498,0.207656,8.69239,1.56777,0.3
1959,1,1,0.148089,0.210309,8.44109,1.5878,0.3
1960,1,1,0.161894,0.207638,9.22794,1.56763,0.3
1961,1,1,0.14939,0.210816,8.51521,1.59163,0.3
1962,1,1,0.151022,0.211326,8.60826,1.59548,0.3
1963,1,1,0.1525,0.21234,8.69248,1.60313,0.3
1964,1,1,0.15069,0.210848,8.58934,1.59187,0.3
1965,1,1,0.153201,0.211344,8.73246,1.59562,0.3
1966,1,1,0.149225,0.210373,8.50581,1.58828,0.3
1967,1,1,0.147964,0.210299,8.43397,1.58772,0.3
1968,1,1,0.161908,0.218805,9.22875,1.65194,0.3
1969,1,1,0.164554,0.216852,9.37957,1.63719,0.3
1970,1,1,0.147368,0.210263,8.4,1.58745,0.3
1971,1,1,0.158092,0.204477,9.01123,1.54377,0.3
1972,1,1,0.16285,0.215589,9.28246,1.62766,0.3
1973,1,1,0.153837,0.203022,8.76869,1.53278,0.3
1974,1,1,0.160105,0.208947,9.12598,1.57751,0.3
1975,1,1,0.160227,0.20503,9.13295,1.54794,0.3
1976,1,1,0.150636,0.210508,8.58626,1.5893,0.3
1977,1,1,0.150772,0.206192,8.594,1.55671,0.3
1978,1,1,0.145088,0.201533,8.27002,1.52154,0.3
1979,1,1,0.151409,0.206522,8.63032,1.55921,0.3
1980,1,1,0.161317,0.216463,9.19505,1.63426,0.3
1982,1,1,0.159999,0.211873,9.11996,1.59961,0.3
1983,1,1,0.152632,0.213985,8.7,1.61555,0.3
1985,1,1,0.151946,0.211324,8.66094,1.59546,0.3
1986,1,1,0.152632,0.213985,8.7,1.61555,0.3
1987,1,1,0.152499,0.212657,8.69245,1.60553,0.3
1988,1,1,0.167144,0.220738,9.52724,1.66654,0.3
1989,1,1,0.155074,0.214319,8.83924,1.61807,0.3
1990,1,1,0.166194,0.214309,9.47305,1.618,0.3
1992,1,1,0.153277,0.212129,8.73679,1.60154,0.3
1993,1,1,0.151292,0.210837,8.62364,1.59178,0.3
1994,1,1,0.154676,0.211797,8.81655,1.59903,0.3
1995,1,1,0.153284,0.206501,8.73719,1.55905,0.3
1996,1,1,0.149828,0.208952,8.54019,1.57755,0.3
1998,1,1,0.152153,0.213343,8.67273,1.61071,0.3
1999,1,1,0.151582,0.208628,8.64015,1.57511,0.3
2001,1,1,0.148471,0.210305,8.46282,1.58777,0.3
2002,1,1,0.147368,0.210263,8.4,1.58745,0.3
2003,1,1,0.150339,0.21057,8.56934,1.58977,0.3
2005,1,1,0.166957,0.217963,9.51655,1.64558,0.3
2006,1,1,0.163916,0.210718,9.3432,1.59089,0.3
2007,1,1,0.14904,0.208065,8.49525,1.57085,0.3
2008,1,1,0.164768,0.212939,9.39179,1.60765,0.3
2009,1,1,0.157696,0.215879,8.98867,1.62985,0.3
2011,1,1,0.147368,0.210263,8.4,1.58745,0.3
2012,1,1,0.147368,0.210263,8.4,1.58745,0.3
2014,1,1,0.160271,0.208914,9.13544,1.57727,0.3
2015,1,1,0.161826,0.213568,9.22411,1.6124,0.3
2017,1,1,0.160968,0.217401,9.17518,1.64134,0.3
2018,1,1,0.158222,0.214857,9.01867,1.62214,0.3
2019,1,1,0.157889,0.204389,8.99966,1.5431,0.3
2020,1,1,0.156492,0.211117,8.92006,1.5939,0.3
2021,1,1,0.164573,0.216927,9.38067,1.63777,0.3
2023,1,1,0.160041,0.215734,9.12231,1.62876,0.3
2024,1,1,0.14952,0.210503,8.52264,1.58927,0.3
2025,1,1,0.156099,0.21453,8.89765,1.61967,0.3
2026,1,1,0.151843,0.206987,8.65504,1.56271,0.3
2027,1,1,0.154384,0.211962,8.79989,1.60028,0.3
2028,1,1,0.150289,0.210566,8.56648,1.58974,0.3
2030,1,1,0.148854,0.210413,8.48467,1.58858,0.3
2031,1,1,0.162627,0.213978,9.26976,1.6155,0.3
2032,1,1,0.151139,0.211222,8.6149,1.59469,0.3
2033,1,1,0.163176,0.216317,9.30102,1.63316,0.3
2034,1,1,0.151815,0.211129,8.65347,1.59399,0.3
2036,1,1,0.160636,0.210681,9.15626,1.59061,0.3
2037,1,1,0.165936,0.217007,9.45837,1.63837,0.3
2038,1,1,0.148371,0.210399,8.45714,1.58848,0.3
2040,1,1,0.153639,0.21412,8.75742,1.61657,0.3
2041,1,1,0.161804,0.218736,9.22282,1.65142,0.3
2042,1,1,0.161595,0.215551,9.21094,1.62738,0.3
2043,1,1,0.159751,0.216229,9.10579,1.63249,0.3
2044,1,1,0.150006,0.210994,8.55034,1.59297,0.3
2045,1,1,0.162418,0.209723,9.25783,1.58337,0.3
2046,1,1,0.159692,0.209954,9.10247,1.58512,0.3
2047,1,1,0.152174,0.210978,8.67393,1.59285,0.3
2048,1,1,0.161295,0.2086,9.1938,1.57489,0.3
2049,1,1,0.149683,0.210412,8.53192,1.58857,0.3
2050,1,1,0.150819,0.210884,8.59668,1.59214,0.3
2051,1,1,0.155489,0.209885,8.86288,1.58459,0.3
2053,1,1,0.152472,0.211606,8.69092,1.59759,0.3
2054,1,1,0.154114,0.211405,8.78451,1.59607,0.3
2055,1,1,0.15013,0.202824,8.55743,1.53129,0.3
2056,1,1,0.16134,0.2178,9.19638,1.64435,0.3
2057,1,1,0.191786,0.233646,10.9318,1.76399,0.3
2058,1,1,0.147368,0.210263,8.4,1.58745,0.3
2059,1,1,0.151158,0.2122,8.616,1.60208,0.3
2060,1,1,0.147368,0.210263,8.4,1.58745,0.3
2062,1,1,0.158323,0.217667,9.02441,1.64335,0.3
2063,1,1,0.152023,0.211326,8.66533,1.59548,0.3
2064,1,1,0.147368,0.210263,8.4,1.58745,0.3
2065,1,1,0.152783,0.211638,8.70864,1.59783,0.3
2066,1,1,0.150216,0.210673,8.56231,1.59055,0.3
2067,1,1,0.153306,0.211373,8.73844,1.59583,0.3
2069,1,1,0.15192,0.211293,8.65942,1.59522,0.3
2070,1,1,0.149792,0.210569,8.53813,1.58976,0.3
2071,1,1,0.164984,0.213749,9.40406,1.61377,0.3
2072,1,1,0.17114,0.21985,9.75498,1.65983,0.3
2073,1,1,0.152022,0.211326,8.66523,1.59548,0.3
2074,1,1,0.15419,0.211931,8.78885,1.60004,0.3
2076,1,1,0.149012,0.210478,8.49367,1.58907,0.3
2077,1,1,0.15335,0.210832,8.74093,1.59175,0.3
2078,1,1,0.150458,0.210794,8.57611,1.59146,0.3
2079,1,1,0.155775,0.207629,8.87916,1.56756,0.3
2080,1,1,0.151646,0.210982,8.6438,1.59288,0.3
2081,1,1,0.160236,0.213967,9.13344,1.61541,0.3
2082,1,1,0.151222,0.211013,8.61968,1.59311,0.3
2083,1,1,0.160923,0.218395,9.1726,1.64884,0.3
2084,1,1,0.161672,0.215201,9.21532,1.62473,0.3
2085,1,1,0.152581,0.211393,8.69711,1.59598,0.3
2086,1,1,0.155457,0.212336,8.86107,1.6031,0.3
2087,1,1,0.163581,0.211762,9.32412,1.59877,0.3
2088,1,1,0.149529,0.210591,8.52314,1.58993,0.3
2089,1,1,0.150887,0.2105,8.60057,1.58924,0.3
2090,1,1,0.156392,0.214916,8.91433,1.62258,0.3
2091,1,1,0.153636,0.21121,8.75726,1.5946,0.3
2092,1,1,0.147368,0.210263,8.4,1.58745,0.3
2093,1,1,0.15311,0.212051,8.72728,1.60095,0.3
2094,1,1,0.147368,0.210263,8.4,1.58745,0.3
2095,1,1,0.152248,0.211054,8.67816,1.59342,0.3
2096,1,1,0.156825,0.211959,8.93902,1.60026,0.3
2097,1,1,0.156635,0.214616,8.92821,1.62032,0.3
2098,1,1,0.147897,0.210283,8.43013,1.5876,0.3
2100,1,1,0.148961,0.210334,8.4908,1.58799,0.3
2101,1,1,0.162718,0.215969,9.27491,1.63053,0.3
2102,1,1,0.148191,0.207241,8.44687,1.56463,0.3
2103,1,1,0.158799,0.215217,9.05153,1.62485,0.3
2104,1,1,0.150696,0.210654,8.5897,1.5904,0.3
2105,1,1,0.149561,0.210604,8.525,1.59003,0.3
2107,1,1,0.157353,0.209284,8.96912,1.58006,0.3
2108,1,1,0.149215,0.210457,8.50525,1.58891,0.3
2109,1,1,0.166205,0.222208,9.47366,1.67763,0.3
2110,1,1,0.14464,0.205949,8.24449,1.55488,0.3
2111,1,1,0.152335,0.211933,8.68311,1.60006,0.3
2113,1,1,0.152646,0.212436,8.7008,1.60385,0.3
2114,1,1,0.148315,0.210384,8.45394,1.58837,0.3
2115,1,1,0.162718,0.212721,9.27493,1.60601,0.3
2116,1,1,0.150145,0.210798,8.55825,1.59149,0.3
2118,1,1,0.148342,0.210391,8.45551,1.58842,0.3
2119,1,1,0.147991,0.207721,8.43551,1.56826,0.3
2120,1,1,0.157422,0.214565,8.97305,1.61993,0.3
2123,1,1,0.142105,0.206474,8.1,1.55885,0.3
2124,1,1,0.147368,0.210263,8.4,1.58745,0.3
2125,1,1,0.160343,0.214026,9.13955,1.61586,0.3
2126,1,1,0.157334,0.210149,8.96803,1.58659,0.3
2127,1,1,0.158543,0.207167,9.03697,1.56408,0.3
2128,1,1,0.154471,0.212631,8.80483,1.60533,0.3
2129,1,1,0.151416,0.212472,8.63072,1.60413,0.3
2130,1,1,0.153635,0.211655,8.75721,1.59796,0.3
2131,1,1,0.147578,0.210265,8.41193,1.58747,0.3
2133,1,1,0.150006,0.211204,8.55033,1.59455,0.3
2134,1,1,0.150783,0.211414,8.59464,1.59614,0.3
2135,1,1,0.149744,0.21066,8.53539,1.59045,0.3
2136,1,1,0.15777,0.211793,8.99292,1.599,0.3
2138,1,1,0.148752,0.210522,8.47886,1.58941,0.3
2139,1,1,0.148711,0.210333,8.47655,1.58798,0.3
2140,1,1,0.148207,0.210314,8.44782,1.58783,0.3
2141,1,1,0.156003,0.212005,8.89218,1.6006,0.3
2142,1,1,0.163103,0.217613,9.29685,1.64294,0.3
2143,1,1,0.150283,0.210659,8.56615,1.59044,0.3
2144,1,1,0.15315,0.210944,8.72956,1.59259,0.3
2145,1,1,0.148057,0.210287,8.43924,1.58763,0.3
2148,1,1,0.152386,0.211449,8.68599,1.59641,0.3
2149,1,1,0.150676,0.210839,8.58851,1.5918,0.3
2151,1,1,0.147712,0.210279,8.41959,1.58757,0.3
2152,1,1,0.152576,0.210904,8.69686,1.59229,0.3
2153,1,1,0.151595,0.210936,8.64093,1.59253,0.3
2154,1,1,0.156699,0.202899,8.93182,1.53186,0.3
2155,1,1,0.161538,0.210795,9.20767,1.59147,0.3
2156,1,1,0.14689,0.20961,8.37273,1.58252,0.3
2157,1,1,0.153646,0.21293,8.75783,1.60758,0.3
2158,1,1,0.174762,0.219834,9.96145,1.65971,0.3
2159,1,1,0.157068,0.211491,8.95286,1.59672,0.3
2160,1,1,0.149303,0.210401,8.51027,1.58849,0.3
2161,1,1,0.160688,0.215658,9.15924,1.62818,0.3
2162,1,1,0.151561,0.211158,8.63898,1.59421,0.3
2163,1,1,0.160247,0.210902,9.13409,1.59227,0.3
2164,1,1,0.158852,0.216091,9.05455,1.63145,0.3
2165,1,1,0.164709,0.218989,9.3884,1.65333,0.3
2166,1,1,0.147368,0.210263,8.4,1.58745,0.3
2167,1,1,0.150195,0.210468,8.56111,1.58899,0.3
2168,1,1,0.15495,0.211935,8.83218,1.60007,0.3
2169,1,1,0.150688,0.211751,8.58922,1.59869,0.3
2170,1,1,0.165352,0.217445,9.42509,1.64167,0.3
2171,1,1,0.156192,0.208388,8.90292,1.57329,0.3
2172,1,1,0.155373,0.210442,8.85626,1.5888,0.3
2173,1,1,0.154021,0.212206,8.77922,1.60212,0.3
2174,1,1,0.15109,0.211279,8.61214,1.59512,0.3
2175,1,1,0.152691,0.203922,8.70341,1.53958,0.3
2176,1,1,0.149043,0.210521,8.49543,1.5894,0.3
2177,1,1,0.159122,0.213943,9.06995,1.61524,0.3
2178,1,1,0.166682,0.21243,9.50085,1.60381,0.3
2179,1,1,0.147368,0.210263,8.4,1.58745,0.3
2180,1,1,0.151848,0.210805,8.65533,1.59155,0.3
2181,1,1,0.147224,0.21006,8.39178,1.58592,0.3
2182,1,1,0.152649,0.210937,8.70097,1.59254,0.3
2183,1,1,0.155804,0.20807,8.88082,1.5709,0.3
2185,1,1,0.152155,0.21189,8.67286,1.59974,0.3
2186,1,1,0.161534,0.214752,9.20743,1.62135,0.3
2187,1,1,0.148403,0.210342,8.45899,1.58805,0.3
2188,1,1,0.151371,0.210841,8.62816,1.59182,0.3
2189,1,1,0.15319,0.211029,8.7318,1.59323,0.3
2190,1,1,0.162302,0.217006,9.25122,1.63836,0.3
2191,1,1,0.152307,0.211218,8.68152,1.59466,0.3
2192,1,1,0.161767,0.21555,9.22073,1.62737,0.3
2193,1,1,0.148699,0.209571,8.47582,1.58223,0.3
2194,1,1,0.154754,0.208433,8.82098,1.57364,0.3
2195,1,1,0.147368,0.210263,8.4,1.58745,0.3
2196,1,1,0.147321,0.202268,8.39728,1.52709,0.3
2197,1,1,0.154143,0.211433,8.78614,1.59629,0.3
2198,1,1,0.15161,0.206278,8.64178,1.55737,0.3
2199,1,1,0.154895,0.212082,8.82899,1.60118,0.3
2200,1,1,0.164666,0.216215,9.38593,1.63239,0.3
2201,1,1,0.156768,0.207983,8.93577,1.57023,0.3
2202,1,1,0.14788,0.200576,8.42914,1.51432,0.3
2203,1,1,0.159298,0.211553,9.07999,1.59719,0.3
2204,1,1,0.157011,0.216524,8.94964,1.63472,0.3
2205,1,1,0.147368,0.210263,8.4,1.58745,0.3
2206,1,1,0.156784,0.209894,8.93667,1.58467,0.3
2207,1,1,0.152713,0.206037,8.70464,1.55554,0.3
2208,1,1,0.155084,0.212352,8.83979,1.60322,0.3
2209,1,1,0.154377,0.208708,8.79949,1.57571,0.3
2210,1,1,0.151777,0.210698,8.65128,1.59073,0.3
2212,1,1,0.152201,0.211524,8.67544,1.59697,0.3
2214,1,1,0.157545,0.214542,8.98006,1.61976,0.3
2215,1,1,0.150835,0.210632,8.59759,1.59024,0.3
2216,1,1,0.148367,0.210398,8.45691,1.58847,0.3
2217,1,1,0.14958,0.210925,8.52605,1.59245,0.3
2218,1,1,0.150883,0.210505,8.60032,1.58928,0.3
2219,1,1,0.149584,0.210537,8.5263,1.58952,0.3
2220,1,1,0.186448,0.230165,10.6276,1.7377,0.3
2222,1,1,0.150326,0.211445,8.56856,1.59638,0.3
2225,1,1,0.153747,0.214151,8.76361,1.6168,0.3
2226,1,1,0.164068,0.213495,9.35189,1.61185,0.3
2227,1,1,0.169227,0.213225,9.64592,1.60981,0.3
2228,1,1,0.152611,0.211459,8.69881,1.59648,0.3
2229,1,1,0.156569,0.21604,8.92442,1.63106,0.3
2230,1,1,0.15378,0.213047,8.76545,1.60847,0.3
2231,1,1,0.152627,0.211779,8.69973,1.5989,0.3
2232,1,1,0.15305,0.212181,8.72388,1.60193,0.3
2233,1,1,0.155853,0.212393,8.88362,1.60353,0.3
2234,1,1,0.151548,0.210928,8.63822,1.59247,0.3
2235,1,1,0.152374,0.204693,8.68534,1.54539,0.3
2236,1,1,0.147368,0.210263,8.4,1.58745,0.3
2237,1,1,0.157718,0.213707,8.98994,1.61345,0.3
2238,1,1,0.161622,0.214122,9.21247,1.61659,0.3
2239,1,1,0.153681,0.212151,8.75979,1.6017,0.3
2240,1,1,0.149807,0.210668,8.53898,1.59051,0.3
2241,1,1,0.162862,0.220179,9.28314,1.66232,0.3
2242,1,1,0.147368,0.210263,8.4,1.58745,0.3
2243,1,1,0.152632,0.213985,8.7,1.61555,0.3
2244,1,1,0.148626,0.210477,8.47166,1.58907,0.3
2245,1,1,0.153521,0.208262,8.75072,1.57235,0.3
2246,1,1,0.160848,0.216637,9.16834,1.63557,0.3
2248,1,1,0.152522,0.211376,8.69374,1.59585,0.3
2249,1,1,0.15583,0.208093,8.88232,1.57106,0.3
2250,1,1,0.148211,0.207852,8.44801,1.56925,0.3
2252,1,1,0.164554,0.216852,9.37957,1.63719,0.3
2253,1,1,0.152945,0.211159,8.71785,1.59422,0.3
2254,1,1,0.152271,0.211189,8.67944,1.59444,0.3
2255,1,1,0.147368,0.210263,8.4,1.58745,0.3
2257,1,1,0.150354,0.206904,8.57018,1.56209,0.3
2259,1,1,0.165155,0.214495,9.41383,1.6194,0.3
2261,1,1,0.159017,0.212713,9.06396,1.60595,0.3
2262,1,1,0.154275,0.211264,8.79367,1.59501,0.3
2263,1,1,0.151886,0.207845,8.65752,1.5692,0.3
2264,1,1,0.15026,0.2111,8.56483,1.59377,0.3
2265,1,1,0.160121,0.216361,9.12692,1.63349,0.3
2266,1,1,0.152387,0.210911,8.68607,1.59234,0.3
2267,1,1,0.159782,0.214303,9.10756,1.61795,0.3
2268,1,1,0.154198,0.210473,8.7893,1.58903,0.3
2269,1,1,0.159367,0.209153,9.0839,1.57907,0.3
2270,1,1,0.158468,0.210542,9.03268,1.58956,0.3
2271,1,1,0.154867,0.2137,8.82744,1.6134,0.3
2273,1,1,0.154081,0.211984,8.78263,1.60044,0.3
2274,1,1,0.179296,0.225454,10.2198,1.70214,0.3
2275,1,1,0.147094,0.206229,8.38434,1.55699,0.3
2276,1,1,0.152879,0.211311,8.71409,1.59537,0.3
2277,1,1,0.152632,0.213985,8.7,1.61555,0.3
2278,1,1,0.152007,0.211147,8.66437,1.59413,0.3
2279,1,1,0.158525,0.20756,9.03595,1.56704,0.3
2280,1,1,0.150227,0.209757,8.56292,1.58363,0.3
2281,1,1,0.150692,0.210603,8.58943,1.59002,0.3
2282,1,1,0.148079,0.210297,8.4405,1.58771,0.3
2283,1,1,0.161705,0.215737,9.21719,1.62878,0.3
2285,1,1,0.147996,0.210285,8.43579,1.58762,0.3
2286,1,1,0.166472,0.217107,9.4889,1.63912,0.3
2287,1,1,0.155601,0.211999,8.86925,1.60056,0.3
2288,1,1,0.150737,0.211044,8.592,1.59335,0.3
2289,1,1,0.176448,0.216429,10.0575,1.63401,0.3
2290,1,1,0.148465,0.210322,8.46248,1.5879,0.3
2291,1,1,0.158765,0.205915,9.04963,1.55463,0.3
2292,1,1,0.152632,0.213985,8.7,1.61555,0.3
2294,1,1,0.167911,0.213962,9.57091,1.61538,0.3
2296,1,1,0.153277,0.210944,8.73678,1.59259,0.3
2297,1,1,0.150386,0.210588,8.57201,1.5899,0.3
2298,1,1,0.151442,0.2125,8.6322,1.60434,0.3
2299,1,1,0.157613,0.212119,8.98396,1.60146,0.3
2300,1,1,0.152632,0.213985,8.7,1.61555,0.3
