Attack metrics report
Dataset: spambase
Attack: pgd
epsilon=0.3

Correctly-classified originals: 2058/2301
Successfully attacked (among correct): 2058/2058
ASR (among correct): 1.0000

Changed samples among correct (any feature changed): 2058/2058
Max |delta| among correct: 0.3

Changed samples among successful attacks: 2058/2058
Max |delta| among successful attacks: 0.3

Summary of perturbation size (delta = X_adv - X_test) over correctly-classified originals
  MAE  : mean=0.1746 median=0.172934 min=0.162959 max=0.217542
  RMSE : mean=0.225714 median=0.225177 min=0.218422 max=0.253698
  L1   : mean=9.95221 median=9.85724 min=9.28867 max=12.3999
  L2   : mean=1.7041 median=1.70005 min=1.64905 max=1.91538
  Linf : mean=0.3 median=0.3 min=0.3 max=0.3

Original vs Perturbed (these can look very similar if delta is small)
Subset: correctly-classified originals
  MAE  : orig_mean=0.0158086 adv_mean=0.170327 mean|diff|=0.154518 max|diff|=0.168421
  RMSE : orig_mean=0.0514402 adv_mean=0.230878 mean|diff|=0.179438 max|diff|=0.224781
  L1   : orig_mean=0.901089 adv_mean=9.70861 mean|diff|=8.80752 max|diff|=9.6
  L2   : orig_mean=0.388365 adv_mean=1.74309 mean|diff|=1.35473 max|diff|=1.69706
  Linf : orig_mean=0.281171 adv_mean=0.443508 mean|diff|=0.216472 max|diff|=0.3

Subset: successfully-attacked (among correct)
  MAE  : orig_mean=0.0158086 adv_mean=0.170327 mean|diff|=0.154518 max|diff|=0.168421
  RMSE : orig_mean=0.0514402 adv_mean=0.230878 mean|diff|=0.179438 max|diff|=0.224781
  L1   : orig_mean=0.901089 adv_mean=9.70861 mean|diff|=8.80752 max|diff|=9.6
  L2   : orig_mean=0.388365 adv_mean=1.74309 mean|diff|=1.35473 max|diff|=1.69706
  Linf : orig_mean=0.281171 adv_mean=0.443508 mean|diff|=0.216472 max|diff|=0.3

Per-sample details (correctly-classified originals)
idx,attack_success,changed,mae_delta,rmse_delta,l1_delta,l2_delta,linf_delta
1,1,1,0.176283,0.223598,10.0481,1.68812,0.3
3,1,1,0.184682,0.225129,10.5269,1.69969,0.3
4,1,1,0.169526,0.224826,9.66298,1.6974,0.3
5,1,1,0.180727,0.229236,10.3014,1.73069,0.3
6,1,1,0.168421,0.224781,9.6,1.69706,0.3
7,1,1,0.179005,0.230941,10.2033,1.74356,0.3
8,1,1,0.170735,0.222679,9.73188,1.68119,0.3
9,1,1,0.170332,0.221461,9.7089,1.67199,0.3
10,1,1,0.168994,0.221061,9.63265,1.66897,0.3
11,1,1,0.172967,0.227385,9.8591,1.71672,0.3
12,1,1,0.172297,0.225636,9.8209,1.70352,0.3
13,1,1,0.173564,0.222771,9.89315,1.68189,0.3
14,1,1,0.175105,0.221821,9.98096,1.67471,0.3
15,1,1,0.171184,0.225381,9.75747,1.70159,0.3
17,1,1,0.170791,0.224885,9.73511,1.69785,0.3
18,1,1,0.186259,0.233105,10.6167,1.7599,0.3
19,1,1,0.181021,0.226677,10.3182,1.71137,0.3
20,1,1,0.172787,0.225553,9.84883,1.70289,0.3
21,1,1,0.169858,0.225042,9.68193,1.69903,0.3
22,1,1,0.169651,0.221554,9.67008,1.67269,0.3
23,1,1,0.172261,0.2263,9.8189,1.70853,0.3
24,1,1,0.178682,0.222976,10.1849,1.68344,0.3
25,1,1,0.170868,0.22494,9.7395,1.69826,0.3
26,1,1,0.191134,0.229248,10.8946,1.73078,0.3
27,1,1,0.173684,0.228266,9.9,1.72337,0.3
28,1,1,0.163158,0.221241,9.3,1.67033,0.3
29,1,1,0.168301,0.219608,9.59315,1.658,0.3
30,1,1,0.168421,0.224781,9.6,1.69706,0.3
31,1,1,0.177927,0.224779,10.1418,1.69705,0.3
33,1,1,0.17186,0.225104,9.79603,1.6995,0.3
35,1,1,0.172634,0.226305,9.84015,1.70856,0.3
36,1,1,0.190651,0.227401,10.8671,1.71684,0.3
37,1,1,0.168213,0.222764,9.58815,1.68183,0.3
38,1,1,0.173452,0.225908,9.88675,1.70557,0.3
39,1,1,0.173684,0.228266,9.9,1.72337,0.3
40,1,1,0.169833,0.225033,9.6805,1.69896,0.3
41,1,1,0.172267,0.225542,9.81921,1.7028,0.3
42,1,1,0.180797,0.227187,10.3054,1.71522,0.3
43,1,1,0.169805,0.224888,9.67891,1.69787,0.3
44,1,1,0.170201,0.225182,9.70143,1.70008,0.3
45,1,1,0.185398,0.228804,10.5677,1.72743,0.3
46,1,1,0.175432,0.226891,9.99964,1.71299,0.3
47,1,1,0.173856,0.221736,9.90977,1.67407,0.3
48,1,1,0.173544,0.223792,9.892,1.68959,0.3
49,1,1,0.172729,0.227122,9.84556,1.71473,0.3
50,1,1,0.172837,0.227239,9.8517,1.71562,0.3
51,1,1,0.185844,0.23253,10.5931,1.75556,0.3
52,1,1,0.172698,0.225367,9.8438,1.70148,0.3
53,1,1,0.168883,0.224808,9.6263,1.69726,0.3
54,1,1,0.170592,0.225031,9.72377,1.69895,0.3
55,1,1,0.168421,0.224781,9.6,1.69706,0.3
56,1,1,0.171739,0.225094,9.78911,1.69943,0.3
57,1,1,0.177041,0.226908,10.0913,1.71312,0.3
58,1,1,0.16923,0.224863,9.64609,1.69768,0.3
59,1,1,0.176648,0.223034,10.069,1.68387,0.3
60,1,1,0.173684,0.228266,9.9,1.72337,0.3
61,1,1,0.181433,0.22742,10.3417,1.71698,0.3
62,1,1,0.17001,0.222435,9.69056,1.67935,0.3
63,1,1,0.17101,0.222559,9.74757,1.68028,0.3
64,1,1,0.170903,0.225561,9.7415,1.70294,0.3
65,1,1,0.169411,0.22313,9.65641,1.68459,0.3
67,1,1,0.168421,0.224781,9.6,1.69706,0.3
68,1,1,0.187972,0.231568,10.7144,1.7483,0.3
69,1,1,0.169281,0.224804,9.649,1.69723,0.3
70,1,1,0.165784,0.21884,9.44971,1.65221,0.3
71,1,1,0.168421,0.224781,9.6,1.69706,0.3
72,1,1,0.196148,0.233654,11.1804,1.76405,0.3
73,1,1,0.170469,0.225312,9.71671,1.70107,0.3
75,1,1,0.168421,0.224781,9.6,1.69706,0.3
76,1,1,0.177494,0.221967,10.1172,1.67582,0.3
77,1,1,0.176455,0.223628,10.0579,1.68835,0.3
78,1,1,0.168443,0.224781,9.60126,1.69706,0.3
79,1,1,0.169714,0.221983,9.67371,1.67593,0.3
81,1,1,0.175465,0.226696,10.0015,1.71152,0.3
82,1,1,0.169756,0.224843,9.67608,1.69753,0.3
83,1,1,0.179414,0.229438,10.2266,1.73222,0.3
84,1,1,0.176824,0.226433,10.079,1.70953,0.3
85,1,1,0.19641,0.235792,11.1953,1.78019,0.3
86,1,1,0.17544,0.222471,10.0001,1.67962,0.3
87,1,1,0.178411,0.224658,10.1694,1.69613,0.3
88,1,1,0.182594,0.225284,10.4079,1.70086,0.3
89,1,1,0.163204,0.221241,9.3026,1.67033,0.3
90,1,1,0.16897,0.224819,9.63128,1.69734,0.3
91,1,1,0.181111,0.227087,10.3233,1.71447,0.3
92,1,1,0.171828,0.222139,9.79418,1.67711,0.3
93,1,1,0.183483,0.224296,10.4585,1.6934,0.3
94,1,1,0.173686,0.221161,9.9001,1.66973,0.3
95,1,1,0.169713,0.224886,9.67363,1.69785,0.3
96,1,1,0.174883,0.222581,9.96832,1.68045,0.3
97,1,1,0.175522,0.227782,10.0048,1.71972,0.3
98,1,1,0.171905,0.221006,9.79861,1.66856,0.3
99,1,1,0.169836,0.225034,9.68062,1.69897,0.3
100,1,1,0.172447,0.225045,9.82948,1.69905,0.3
101,1,1,0.174426,0.226598,9.94228,1.71077,0.3
102,1,1,0.163158,0.221241,9.3,1.67033,0.3
103,1,1,0.182835,0.229891,10.4216,1.73564,0.3
104,1,1,0.171911,0.225118,9.79895,1.69961,0.3
105,1,1,0.172175,0.225404,9.81395,1.70177,0.3
106,1,1,0.167993,0.222792,9.57557,1.68204,0.3
107,1,1,0.171315,0.22545,9.76497,1.70211,0.3
108,1,1,0.173017,0.225529,9.86197,1.7027,0.3
109,1,1,0.169913,0.225063,9.68506,1.69919,0.3
110,1,1,0.197788,0.233995,11.2739,1.76662,0.3
111,1,1,0.16979,0.2249,9.67802,1.69796,0.3
112,1,1,0.170972,0.225301,9.74542,1.70098,0.3
113,1,1,0.175801,0.22645,10.0206,1.70966,0.3
114,1,1,0.178632,0.225924,10.182,1.70569,0.3
115,1,1,0.173024,0.225798,9.86238,1.70474,0.3
116,1,1,0.170474,0.225118,9.71701,1.6996,0.3
117,1,1,0.182881,0.225967,10.4242,1.70602,0.3
118,1,1,0.184298,0.226695,10.505,1.71151,0.3
119,1,1,0.173882,0.226224,9.91125,1.70795,0.3
120,1,1,0.173684,0.228266,9.9,1.72337,0.3
121,1,1,0.172765,0.225669,9.84758,1.70377,0.3
122,1,1,0.171378,0.225091,9.76854,1.6994,0.3
123,1,1,0.175687,0.228434,10.0142,1.72464,0.3
124,1,1,0.217542,0.252772,12.3999,1.90839,0.3
125,1,1,0.169376,0.224896,9.65442,1.69793,0.3
126,1,1,0.175047,0.223347,9.97766,1.68624,0.3
127,1,1,0.178217,0.230816,10.1583,1.74263,0.3
129,1,1,0.16932,0.224883,9.65125,1.69783,0.3
131,1,1,0.1697,0.224988,9.67291,1.69862,0.3
132,1,1,0.169304,0.224801,9.65032,1.69721,0.3
133,1,1,0.171921,0.225224,9.79951,1.70041,0.3
134,1,1,0.168421,0.224781,9.6,1.69706,0.3
135,1,1,0.173726,0.226104,9.9024,1.70705,0.3
136,1,1,0.187804,0.229213,10.7048,1.73052,0.3
137,1,1,0.174178,0.223407,9.92812,1.68669,0.3
139,1,1,0.198357,0.233821,11.3063,1.76531,0.3
140,1,1,0.168421,0.224781,9.6,1.69706,0.3
141,1,1,0.171865,0.225567,9.79632,1.70299,0.3
142,1,1,0.172787,0.224468,9.84888,1.6947,0.3
143,1,1,0.178606,0.227454,10.1806,1.71724,0.3
144,1,1,0.167021,0.222973,9.52018,1.68341,0.3
145,1,1,0.171859,0.226274,9.79594,1.70833,0.3
146,1,1,0.168421,0.224781,9.6,1.69706,0.3
147,1,1,0.168171,0.219218,9.58578,1.65506,0.3
148,1,1,0.179257,0.231703,10.2177,1.74932,0.3
149,1,1,0.171416,0.225355,9.77069,1.7014,0.3
150,1,1,0.1664,0.221976,9.48479,1.67588,0.3
152,1,1,0.168562,0.221215,9.60806,1.67014,0.3
153,1,1,0.17899,0.223007,10.2024,1.68366,0.3
154,1,1,0.16781,0.222213,9.56519,1.67767,0.3
155,1,1,0.168951,0.224793,9.6302,1.69715,0.3
156,1,1,0.169316,0.224853,9.65098,1.6976,0.3
157,1,1,0.16851,0.220109,9.60509,1.66179,0.3
158,1,1,0.168421,0.224781,9.6,1.69706,0.3
159,1,1,0.1881,0.227397,10.7217,1.71681,0.3
160,1,1,0.194901,0.231069,11.1094,1.74454,0.3
161,1,1,0.175557,0.223694,10.0068,1.68885,0.3
162,1,1,0.168003,0.221721,9.57615,1.67395,0.3
164,1,1,0.169927,0.224986,9.68582,1.69861,0.3
165,1,1,0.168654,0.219594,9.61327,1.6579,0.3
166,1,1,0.17505,0.228413,9.97787,1.72448,0.3
168,1,1,0.171004,0.225223,9.74724,1.7004,0.3
169,1,1,0.1789,0.224468,10.1973,1.6947,0.3
170,1,1,0.170066,0.222899,9.69374,1.68285,0.3
171,1,1,0.168994,0.224822,9.63268,1.69737,0.3
172,1,1,0.171729,0.221349,9.78856,1.67115,0.3
173,1,1,0.178271,0.228173,10.1614,1.72267,0.3
174,1,1,0.171711,0.225046,9.78753,1.69906,0.3
175,1,1,0.171701,0.225245,9.78696,1.70056,0.3
176,1,1,0.172173,0.225318,9.81386,1.70111,0.3
177,1,1,0.169233,0.224864,9.64626,1.69769,0.3
178,1,1,0.174938,0.226182,9.97148,1.70764,0.3
179,1,1,0.170689,0.225121,9.72926,1.69963,0.3
180,1,1,0.195796,0.233169,11.1604,1.76039,0.3
181,1,1,0.177083,0.222978,10.0938,1.68345,0.3
182,1,1,0.190863,0.229291,10.8792,1.73111,0.3
183,1,1,0.176586,0.224747,10.0654,1.6968,0.3
184,1,1,0.177471,0.23005,10.1159,1.73684,0.3
186,1,1,0.178638,0.228159,10.1823,1.72256,0.3
187,1,1,0.188096,0.227397,10.7215,1.71681,0.3
188,1,1,0.184935,0.227939,10.5413,1.7209,0.3
189,1,1,0.176608,0.226783,10.0667,1.71218,0.3
190,1,1,0.172977,0.221717,9.85971,1.67393,0.3
191,1,1,0.18165,0.223159,10.3541,1.68481,0.3
192,1,1,0.170099,0.22213,9.69566,1.67704,0.3
193,1,1,0.176858,0.228512,10.0809,1.72523,0.3
194,1,1,0.173684,0.228266,9.9,1.72337,0.3
195,1,1,0.176512,0.227264,10.0612,1.71581,0.3
196,1,1,0.168421,0.224781,9.6,1.69706,0.3
197,1,1,0.171408,0.225355,9.77023,1.70139,0.3
198,1,1,0.171828,0.226248,9.79421,1.70813,0.3
199,1,1,0.179226,0.224679,10.2159,1.69629,0.3
201,1,1,0.169785,0.223027,9.67775,1.68382,0.3
202,1,1,0.17106,0.225024,9.75044,1.69889,0.3
203,1,1,0.170928,0.223007,9.7429,1.68367,0.3
204,1,1,0.168752,0.22012,9.61884,1.66187,0.3
205,1,1,0.174979,0.227218,9.97382,1.71546,0.3
206,1,1,0.171755,0.225557,9.79005,1.70292,0.3
207,1,1,0.177732,0.230302,10.1307,1.73874,0.3
208,1,1,0.171173,0.225277,9.75689,1.7008,0.3
209,1,1,0.168481,0.219693,9.60341,1.65865,0.3
210,1,1,0.176444,0.223619,10.0573,1.68828,0.3
211,1,1,0.178706,0.221791,10.1862,1.67448,0.3
212,1,1,0.192665,0.234035,10.9819,1.76692,0.3
213,1,1,0.176235,0.226718,10.0454,1.71168,0.3
214,1,1,0.172694,0.225542,9.84355,1.7028,0.3
215,1,1,0.170676,0.225107,9.72856,1.69952,0.3
216,1,1,0.183818,0.229667,10.4776,1.73395,0.3
217,1,1,0.179231,0.224723,10.2162,1.69662,0.3
218,1,1,0.170099,0.22213,9.69566,1.67704,0.3
219,1,1,0.181365,0.224951,10.3378,1.69834,0.3
220,1,1,0.171509,0.224512,9.776,1.69503,0.3
221,1,1,0.169291,0.224819,9.64957,1.69734,0.3
224,1,1,0.170016,0.224871,9.69089,1.69774,0.3
225,1,1,0.173381,0.225804,9.88274,1.70478,0.3
227,1,1,0.173508,0.225586,9.88995,1.70314,0.3
228,1,1,0.172171,0.225439,9.81374,1.70203,0.3
229,1,1,0.171215,0.221632,9.75926,1.67328,0.3
230,1,1,0.168538,0.222835,9.60665,1.68237,0.3
231,1,1,0.163158,0.221241,9.3,1.67033,0.3
232,1,1,0.172593,0.225918,9.83778,1.70565,0.3
233,1,1,0.170549,0.22226,9.72127,1.67802,0.3
234,1,1,0.173684,0.228266,9.9,1.72337,0.3
238,1,1,0.168421,0.224781,9.6,1.69706,0.3
239,1,1,0.182032,0.228908,10.3758,1.72822,0.3
240,1,1,0.172083,0.222716,9.80875,1.68147,0.3
241,1,1,0.170536,0.225064,9.72057,1.6992,0.3
242,1,1,0.1819,0.227043,10.3683,1.71414,0.3
243,1,1,0.188619,0.229721,10.7513,1.73435,0.3
244,1,1,0.180619,0.222093,10.2953,1.67676,0.3
245,1,1,0.166076,0.219382,9.46635,1.6563,0.3
246,1,1,0.174106,0.22464,9.92404,1.69599,0.3
247,1,1,0.165084,0.221718,9.4098,1.67393,0.3
248,1,1,0.191439,0.236044,10.912,1.78209,0.3
250,1,1,0.171087,0.22568,9.75196,1.70385,0.3
251,1,1,0.1881,0.227397,10.7217,1.71681,0.3
253,1,1,0.172093,0.222168,9.80931,1.67733,0.3
254,1,1,0.19059,0.238145,10.8636,1.79796,0.3
255,1,1,0.171411,0.225036,9.77042,1.69898,0.3
256,1,1,0.181838,0.229779,10.3648,1.73479,0.3
257,1,1,0.173069,0.221911,9.86493,1.67539,0.3
258,1,1,0.173684,0.228266,9.9,1.72337,0.3
259,1,1,0.169497,0.224863,9.66135,1.69768,0.3
260,1,1,0.170873,0.225044,9.73974,1.69904,0.3
261,1,1,0.173108,0.22617,9.86713,1.70755,0.3
262,1,1,0.170808,0.222502,9.73607,1.67985,0.3
265,1,1,0.171536,0.225468,9.77757,1.70225,0.3
266,1,1,0.175335,0.222673,9.99409,1.68114,0.3
267,1,1,0.163158,0.221241,9.3,1.67033,0.3
268,1,1,0.17266,0.226076,9.84162,1.70684,0.3
269,1,1,0.16982,0.224856,9.67975,1.69762,0.3
271,1,1,0.179878,0.226303,10.2531,1.70855,0.3
272,1,1,0.169042,0.224829,9.63538,1.69742,0.3
273,1,1,0.171528,0.225257,9.77712,1.70066,0.3
274,1,1,0.184414,0.231195,10.5116,1.74548,0.3
275,1,1,0.169288,0.21956,9.64944,1.65764,0.3
276,1,1,0.167094,0.220844,9.52435,1.66734,0.3
277,1,1,0.185705,0.229546,10.5852,1.73304,0.3
278,1,1,0.171885,0.225179,9.79746,1.70006,0.3
279,1,1,0.169258,0.224815,9.64772,1.69732,0.3
280,1,1,0.193315,0.230656,11.019,1.74141,0.3
281,1,1,0.18092,0.228083,10.3124,1.72199,0.3
282,1,1,0.168755,0.220729,9.61906,1.66647,0.3
283,1,1,0.165476,0.221932,9.43216,1.67555,0.3
284,1,1,0.168827,0.224801,9.62313,1.69721,0.3
285,1,1,0.168421,0.224781,9.6,1.69706,0.3
286,1,1,0.181362,0.224496,10.3376,1.69491,0.3
287,1,1,0.173979,0.228277,9.91678,1.72345,0.3
288,1,1,0.170157,0.224981,9.69893,1.69857,0.3
289,1,1,0.167986,0.218822,9.57522,1.65207,0.3
290,1,1,0.171516,0.225239,9.77641,1.70052,0.3
291,1,1,0.173684,0.228266,9.9,1.72337,0.3
292,1,1,0.165769,0.218839,9.44881,1.6522,0.3
293,1,1,0.179723,0.224644,10.2442,1.69602,0.3
294,1,1,0.181416,0.231404,10.3407,1.74706,0.3
295,1,1,0.17051,0.225099,9.71907,1.69946,0.3
296,1,1,0.172841,0.22538,9.85193,1.70158,0.3
297,1,1,0.184514,0.231071,10.5173,1.74455,0.3
298,1,1,0.187997,0.234337,10.7158,1.76921,0.3
299,1,1,0.172021,0.220562,9.80519,1.66521,0.3
300,1,1,0.173234,0.22544,9.87435,1.70203,0.3
301,1,1,0.170503,0.224933,9.71869,1.69821,0.3
302,1,1,0.180088,0.230932,10.265,1.7435,0.3
303,1,1,0.169842,0.225037,9.68101,1.69899,0.3
304,1,1,0.168888,0.221946,9.62661,1.67566,0.3
305,1,1,0.169511,0.224859,9.66212,1.69765,0.3
306,1,1,0.176305,0.228735,10.0494,1.72691,0.3
307,1,1,0.170927,0.225575,9.74282,1.70305,0.3
308,1,1,0.169844,0.225037,9.68113,1.69899,0.3
309,1,1,0.18333,0.229365,10.4498,1.73167,0.3
310,1,1,0.167614,0.222278,9.554,1.67816,0.3
311,1,1,0.171851,0.221285,9.79551,1.67066,0.3
312,1,1,0.178925,0.227068,10.1987,1.71433,0.3
313,1,1,0.169555,0.224886,9.66465,1.69785,0.3
314,1,1,0.171365,0.225877,9.7678,1.70533,0.3
315,1,1,0.16856,0.220812,9.6079,1.6671,0.3
316,1,1,0.175736,0.227017,10.0169,1.71394,0.3
317,1,1,0.169678,0.224981,9.67166,1.69857,0.3
318,1,1,0.17524,0.220796,9.98866,1.66697,0.3
319,1,1,0.171939,0.225327,9.80055,1.70118,0.3
320,1,1,0.172058,0.225668,9.8073,1.70375,0.3
321,1,1,0.172732,0.226204,9.84571,1.7078,0.3
323,1,1,0.178947,0.231699,10.2,1.74929,0.3
324,1,1,0.178166,0.223801,10.1554,1.68966,0.3
325,1,1,0.173861,0.226155,9.91007,1.70743,0.3
326,1,1,0.169293,0.222996,9.64969,1.68358,0.3
327,1,1,0.170063,0.225122,9.69361,1.69964,0.3
328,1,1,0.177674,0.223406,10.1274,1.68668,0.3
329,1,1,0.179005,0.22737,10.2033,1.71661,0.3
330,1,1,0.175226,0.222323,9.98788,1.6785,0.3
331,1,1,0.172498,0.225881,9.83237,1.70537,0.3
332,1,1,0.178822,0.229411,10.1929,1.73202,0.3
333,1,1,0.178947,0.231699,10.2,1.74929,0.3
334,1,1,0.177214,0.226511,10.1012,1.71012,0.3
335,1,1,0.168421,0.224781,9.6,1.69706,0.3
336,1,1,0.173684,0.228266,9.9,1.72337,0.3
337,1,1,0.177539,0.224144,10.1197,1.69225,0.3
338,1,1,0.173684,0.228266,9.9,1.72337,0.3
339,1,1,0.166175,0.221445,9.47198,1.67187,0.3
340,1,1,0.176412,0.229193,10.0555,1.73037,0.3
341,1,1,0.169053,0.224831,9.636,1.69744,0.3
342,1,1,0.174798,0.228421,9.96349,1.72454,0.3
344,1,1,0.168452,0.221482,9.60178,1.67215,0.3
346,1,1,0.163931,0.221317,9.34405,1.67091,0.3
347,1,1,0.169588,0.224953,9.66653,1.69836,0.3
348,1,1,0.174694,0.226398,9.95758,1.70927,0.3
349,1,1,0.172167,0.225669,9.81353,1.70376,0.3
350,1,1,0.179786,0.22612,10.2478,1.70717,0.3
351,1,1,0.172108,0.225773,9.81017,1.70455,0.3
352,1,1,0.168421,0.224781,9.6,1.69706,0.3
353,1,1,0.190243,0.234324,10.8439,1.7691,0.3
354,1,1,0.175495,0.222431,10.0032,1.67931,0.3
355,1,1,0.169307,0.22481,9.6505,1.69728,0.3
356,1,1,0.17524,0.227005,9.98867,1.71385,0.3
357,1,1,0.166079,0.222337,9.46652,1.67861,0.3
358,1,1,0.170452,0.220691,9.71579,1.66618,0.3
359,1,1,0.165256,0.218894,9.41957,1.65261,0.3
360,1,1,0.173838,0.225752,9.90875,1.70439,0.3
361,1,1,0.174156,0.22732,9.9269,1.71622,0.3
362,1,1,0.172152,0.225662,9.81268,1.70371,0.3
363,1,1,0.170375,0.225264,9.71138,1.70071,0.3
364,1,1,0.192125,0.233707,10.9511,1.76445,0.3
365,1,1,0.172712,0.225998,9.84461,1.70625,0.3
366,1,1,0.186038,0.228645,10.6042,1.72623,0.3
367,1,1,0.172385,0.225176,9.82597,1.70004,0.3
368,1,1,0.17279,0.225807,9.84904,1.70481,0.3
369,1,1,0.181134,0.224586,10.3246,1.69559,0.3
370,1,1,0.171289,0.224936,9.76349,1.69823,0.3
371,1,1,0.173684,0.228266,9.9,1.72337,0.3
372,1,1,0.172957,0.22555,9.85853,1.70287,0.3
373,1,1,0.168693,0.221207,9.61547,1.67007,0.3
374,1,1,0.168083,0.219806,9.58074,1.6595,0.3
375,1,1,0.175809,0.223652,10.0211,1.68854,0.3
377,1,1,0.181275,0.230704,10.3327,1.74178,0.3
378,1,1,0.172498,0.225881,9.83237,1.70537,0.3
380,1,1,0.168889,0.224801,9.62665,1.69721,0.3
381,1,1,0.168421,0.224781,9.6,1.69706,0.3
383,1,1,0.176332,0.227845,10.0509,1.72019,0.3
384,1,1,0.171408,0.225372,9.77025,1.70152,0.3
385,1,1,0.17869,0.224086,10.1854,1.69181,0.3
386,1,1,0.186001,0.226567,10.602,1.71055,0.3
388,1,1,0.169101,0.224839,9.63877,1.6975,0.3
389,1,1,0.174097,0.226358,9.92351,1.70896,0.3
391,1,1,0.183624,0.227033,10.4666,1.71406,0.3
392,1,1,0.170107,0.223705,9.69611,1.68893,0.3
393,1,1,0.168921,0.224812,9.62848,1.6973,0.3
394,1,1,0.169755,0.224835,9.67605,1.69747,0.3
395,1,1,0.169719,0.224994,9.674,1.69867,0.3
398,1,1,0.166523,0.219976,9.49179,1.66078,0.3
399,1,1,0.173684,0.228266,9.9,1.72337,0.3
400,1,1,0.173684,0.228266,9.9,1.72337,0.3
401,1,1,0.182632,0.22948,10.4101,1.73254,0.3
403,1,1,0.168421,0.224781,9.6,1.69706,0.3
404,1,1,0.168921,0.224812,9.62848,1.6973,0.3
405,1,1,0.172204,0.226588,9.81562,1.7107,0.3
406,1,1,0.182739,0.227214,10.4161,1.71543,0.3
407,1,1,0.173684,0.228266,9.9,1.72337,0.3
409,1,1,0.170694,0.220002,9.72954,1.66098,0.3
410,1,1,0.171822,0.225563,9.79388,1.70297,0.3
411,1,1,0.165584,0.219767,9.43827,1.65921,0.3
412,1,1,0.172948,0.226128,9.85806,1.70723,0.3
413,1,1,0.173781,0.222841,9.90553,1.68241,0.3
414,1,1,0.164918,0.219952,9.40033,1.6606,0.3
415,1,1,0.186011,0.226567,10.6026,1.71054,0.3
416,1,1,0.169216,0.224861,9.64531,1.69766,0.3
418,1,1,0.182412,0.230472,10.3975,1.74003,0.3
419,1,1,0.174073,0.225703,9.92216,1.70402,0.3
420,1,1,0.170733,0.224967,9.73178,1.69846,0.3
421,1,1,0.17207,0.226463,9.808,1.70976,0.3
422,1,1,0.1738,0.22526,9.90658,1.70068,0.3
423,1,1,0.181136,0.22649,10.3247,1.70996,0.3
424,1,1,0.172651,0.221887,9.84113,1.67521,0.3
425,1,1,0.171192,0.220238,9.75796,1.66276,0.3
426,1,1,0.168421,0.224781,9.6,1.69706,0.3
427,1,1,0.170599,0.225192,9.72413,1.70016,0.3
429,1,1,0.167976,0.221715,9.57462,1.67391,0.3
431,1,1,0.173397,0.221481,9.88361,1.67214,0.3
432,1,1,0.174458,0.226346,9.9441,1.70887,0.3
433,1,1,0.170304,0.225023,9.70733,1.69889,0.3
434,1,1,0.174406,0.225721,9.94114,1.70416,0.3
435,1,1,0.178947,0.231699,10.2,1.74929,0.3
436,1,1,0.170101,0.224968,9.69577,1.69847,0.3
437,1,1,0.188113,0.235739,10.7225,1.77979,0.3
439,1,1,0.187997,0.23566,10.7158,1.7792,0.3
440,1,1,0.168421,0.224781,9.6,1.69706,0.3
441,1,1,0.178209,0.224267,10.1579,1.69318,0.3
442,1,1,0.183381,0.224929,10.4527,1.69818,0.3
443,1,1,0.17303,0.226106,9.86271,1.70706,0.3
444,1,1,0.174195,0.225826,9.92909,1.70495,0.3
445,1,1,0.171582,0.225061,9.78016,1.69917,0.3
446,1,1,0.173182,0.224357,9.87139,1.69386,0.3
447,1,1,0.169567,0.220883,9.6653,1.66763,0.3
448,1,1,0.168957,0.220589,9.63057,1.66541,0.3
449,1,1,0.176744,0.229237,10.0744,1.7307,0.3
450,1,1,0.163879,0.221292,9.34112,1.67072,0.3
451,1,1,0.183223,0.228386,10.4437,1.72427,0.3
452,1,1,0.172733,0.227126,9.8458,1.71476,0.3
453,1,1,0.171472,0.225377,9.77393,1.70156,0.3
454,1,1,0.178947,0.231699,10.2,1.74929,0.3
455,1,1,0.174002,0.226415,9.91813,1.7094,0.3
456,1,1,0.172169,0.225164,9.81362,1.69995,0.3
457,1,1,0.169727,0.220783,9.67441,1.66688,0.3
458,1,1,0.170191,0.222356,9.70087,1.67875,0.3
459,1,1,0.19699,0.233374,11.2284,1.76194,0.3
460,1,1,0.169514,0.224864,9.66228,1.69769,0.3
461,1,1,0.183161,0.226277,10.4402,1.70835,0.3
462,1,1,0.166892,0.21868,9.51286,1.651,0.3
463,1,1,0.169527,0.224936,9.66303,1.69823,0.3
465,1,1,0.171284,0.225105,9.76321,1.6995,0.3
466,1,1,0.175952,0.226434,10.0292,1.70954,0.3
467,1,1,0.168421,0.224781,9.6,1.69706,0.3
468,1,1,0.187135,0.227929,10.6667,1.72083,0.3
469,1,1,0.174926,0.226731,9.97078,1.71178,0.3
470,1,1,0.17291,0.226067,9.85588,1.70676,0.3
471,1,1,0.171413,0.220693,9.77055,1.6662,0.3
472,1,1,0.172183,0.225634,9.81446,1.7035,0.3
473,1,1,0.170196,0.225,9.70115,1.69871,0.3
474,1,1,0.169376,0.224896,9.65442,1.69793,0.3
475,1,1,0.1752,0.22274,9.98641,1.68165,0.3
476,1,1,0.168421,0.224781,9.6,1.69706,0.3
477,1,1,0.173787,0.222842,9.90586,1.68242,0.3
478,1,1,0.175778,0.228562,10.0194,1.72561,0.3
479,1,1,0.171654,0.225555,9.78425,1.7029,0.3
480,1,1,0.168421,0.224781,9.6,1.69706,0.3
481,1,1,0.186213,0.231216,10.6141,1.74564,0.3
482,1,1,0.18239,0.228377,10.3962,1.72421,0.3
483,1,1,0.173286,0.226578,9.87732,1.71063,0.3
484,1,1,0.184184,0.225491,10.4985,1.70242,0.3
485,1,1,0.176129,0.224692,10.0394,1.69639,0.3
486,1,1,0.168421,0.224781,9.6,1.69706,0.3
487,1,1,0.179851,0.225844,10.2515,1.70509,0.3
488,1,1,0.169837,0.22491,9.68068,1.69803,0.3
490,1,1,0.171044,0.22238,9.74952,1.67894,0.3
491,1,1,0.172721,0.22595,9.8451,1.70588,0.3
492,1,1,0.168421,0.224781,9.6,1.69706,0.3
493,1,1,0.171868,0.2253,9.79648,1.70097,0.3
494,1,1,0.169191,0.224856,9.64389,1.69762,0.3
495,1,1,0.168918,0.223375,9.62833,1.68645,0.3
496,1,1,0.170267,0.225212,9.70522,1.70031,0.3
497,1,1,0.173762,0.222796,9.90445,1.68207,0.3
498,1,1,0.174943,0.226261,9.97174,1.70823,0.3
499,1,1,0.173684,0.228266,9.9,1.72337,0.3
500,1,1,0.168421,0.224781,9.6,1.69706,0.3
501,1,1,0.167309,0.221665,9.53661,1.67353,0.3
502,1,1,0.1715,0.225554,9.7755,1.7029,0.3
503,1,1,0.185616,0.230292,10.5801,1.73866,0.3
504,1,1,0.182616,0.228774,10.4091,1.72721,0.3
505,1,1,0.168421,0.224781,9.6,1.69706,0.3
506,1,1,0.169727,0.221854,9.67442,1.67496,0.3
507,1,1,0.183548,0.226365,10.4623,1.70902,0.3
508,1,1,0.1697,0.224819,9.6729,1.69735,0.3
509,1,1,0.188718,0.230652,10.7569,1.74138,0.3
510,1,1,0.174069,0.223985,9.92191,1.69105,0.3
511,1,1,0.177876,0.229372,10.1389,1.73172,0.3
512,1,1,0.173684,0.228266,9.9,1.72337,0.3
513,1,1,0.163158,0.221241,9.3,1.67033,0.3
514,1,1,0.168421,0.224781,9.6,1.69706,0.3
515,1,1,0.174207,0.225982,9.92981,1.70613,0.3
516,1,1,0.172827,0.221175,9.85115,1.66984,0.3
518,1,1,0.169802,0.224897,9.67872,1.69793,0.3
520,1,1,0.189348,0.226501,10.7928,1.71005,0.3
521,1,1,0.166633,0.221487,9.49809,1.67219,0.3
522,1,1,0.173839,0.225757,9.90882,1.70443,0.3
523,1,1,0.180823,0.225909,10.3069,1.70557,0.3
524,1,1,0.170414,0.225082,9.71359,1.69933,0.3
525,1,1,0.174297,0.225814,9.93493,1.70486,0.3
526,1,1,0.169526,0.224935,9.663,1.69823,0.3
527,1,1,0.171356,0.225326,9.76727,1.70117,0.3
528,1,1,0.173684,0.228266,9.9,1.72337,0.3
529,1,1,0.174529,0.226173,9.94813,1.70757,0.3
530,1,1,0.178947,0.231699,10.2,1.74929,0.3
531,1,1,0.170051,0.225117,9.69289,1.6996,0.3
532,1,1,0.168785,0.224791,9.62076,1.69714,0.3
533,1,1,0.169385,0.220961,9.65497,1.66822,0.3
534,1,1,0.175517,0.222354,10.0045,1.67874,0.3
535,1,1,0.170663,0.22514,9.72777,1.69977,0.3
537,1,1,0.16318,0.221241,9.30126,1.67033,0.3
538,1,1,0.168421,0.224781,9.6,1.69706,0.3
539,1,1,0.168044,0.219491,9.57849,1.65712,0.3
540,1,1,0.174851,0.226257,9.96648,1.7082,0.3
541,1,1,0.17272,0.226549,9.84502,1.7104,0.3
543,1,1,0.173939,0.22571,9.91452,1.70407,0.3
544,1,1,0.181713,0.222797,10.3576,1.68208,0.3
545,1,1,0.183867,0.226673,10.4804,1.71134,0.3
546,1,1,0.171976,0.226377,9.80262,1.70911,0.3
547,1,1,0.168421,0.224781,9.6,1.69706,0.3
548,1,1,0.171571,0.225299,9.77953,1.70097,0.3
549,1,1,0.189586,0.229483,10.8064,1.73256,0.3
551,1,1,0.173684,0.228266,9.9,1.72337,0.3
552,1,1,0.170649,0.225409,9.727,1.7018,0.3
553,1,1,0.182382,0.228385,10.3958,1.72427,0.3
554,1,1,0.172076,0.226468,9.80835,1.7098,0.3
555,1,1,0.173771,0.225874,9.90495,1.70531,0.3
556,1,1,0.1879,0.225658,10.7103,1.70368,0.3
557,1,1,0.168421,0.224781,9.6,1.69706,0.3
558,1,1,0.173684,0.228266,9.9,1.72337,0.3
559,1,1,0.181425,0.224743,10.3412,1.69677,0.3
560,1,1,0.17149,0.220815,9.77491,1.66712,0.3
561,1,1,0.171882,0.225569,9.79725,1.70301,0.3
562,1,1,0.177996,0.228905,10.1458,1.72819,0.3
563,1,1,0.170632,0.2254,9.72605,1.70173,0.3
564,1,1,0.168295,0.220251,9.59282,1.66286,0.3
565,1,1,0.173684,0.228266,9.9,1.72337,0.3
566,1,1,0.174709,0.22648,9.95841,1.70989,0.3
567,1,1,0.171499,0.224511,9.77544,1.69502,0.3
569,1,1,0.180547,0.224539,10.2912,1.69523,0.3
570,1,1,0.169281,0.224804,9.649,1.69723,0.3
571,1,1,0.166947,0.222785,9.51601,1.68199,0.3
573,1,1,0.173198,0.222546,9.87228,1.68018,0.3
574,1,1,0.180912,0.222639,10.312,1.68088,0.3
575,1,1,0.176394,0.228651,10.0544,1.72628,0.3
576,1,1,0.169147,0.224847,9.64141,1.69756,0.3
578,1,1,0.173684,0.228266,9.9,1.72337,0.3
579,1,1,0.180785,0.22728,10.3047,1.71593,0.3
580,1,1,0.172313,0.225524,9.82183,1.70267,0.3
581,1,1,0.169842,0.224848,9.681,1.69757,0.3
582,1,1,0.176,0.227533,10.032,1.71784,0.3
583,1,1,0.173684,0.228266,9.9,1.72337,0.3
584,1,1,0.168465,0.2216,9.60253,1.67305,0.3
585,1,1,0.170742,0.225463,9.73231,1.70221,0.3
586,1,1,0.188984,0.226232,10.7721,1.70802,0.3
587,1,1,0.172278,0.225191,9.81983,1.70015,0.3
588,1,1,0.169393,0.221621,9.65542,1.6732,0.3
589,1,1,0.173684,0.228266,9.9,1.72337,0.3
590,1,1,0.169123,0.224843,9.64,1.69753,0.3
591,1,1,0.170831,0.220541,9.73735,1.66505,0.3
592,1,1,0.176587,0.223798,10.0655,1.68964,0.3
593,1,1,0.176405,0.224339,10.0551,1.69372,0.3
594,1,1,0.177546,0.230073,10.1201,1.73702,0.3
595,1,1,0.173684,0.228266,9.9,1.72337,0.3
596,1,1,0.17356,0.223563,9.89291,1.68787,0.3
597,1,1,0.175889,0.222547,10.0257,1.68019,0.3
598,1,1,0.178451,0.222518,10.1717,1.67998,0.3
599,1,1,0.168421,0.224781,9.6,1.69706,0.3
600,1,1,0.168641,0.221014,9.61255,1.66862,0.3
601,1,1,0.173429,0.221179,9.88547,1.66986,0.3
602,1,1,0.172755,0.22715,9.84706,1.71495,0.3
603,1,1,0.179484,0.223905,10.2306,1.69045,0.3
604,1,1,0.173832,0.222842,9.90844,1.68242,0.3
605,1,1,0.172262,0.226189,9.81895,1.70769,0.3
606,1,1,0.169631,0.224834,9.66895,1.69746,0.3
608,1,1,0.195736,0.235627,11.1569,1.77894,0.3
609,1,1,0.177108,0.226052,10.0951,1.70666,0.3
610,1,1,0.171114,0.224988,9.75348,1.69862,0.3
611,1,1,0.169981,0.225073,9.6889,1.69926,0.3
612,1,1,0.168801,0.219364,9.62165,1.65616,0.3
613,1,1,0.17058,0.222261,9.72309,1.67803,0.3
614,1,1,0.179622,0.221736,10.2385,1.67407,0.3
615,1,1,0.168421,0.224781,9.6,1.69706,0.3
616,1,1,0.189918,0.230245,10.8253,1.73831,0.3
617,1,1,0.174526,0.227151,9.94799,1.71495,0.3
618,1,1,0.174045,0.223738,9.92054,1.68919,0.3
619,1,1,0.172549,0.22577,9.8353,1.70452,0.3
620,1,1,0.169633,0.221126,9.66909,1.66947,0.3
622,1,1,0.173235,0.225864,9.8744,1.70524,0.3
623,1,1,0.180685,0.228605,10.2991,1.72593,0.3
624,1,1,0.168251,0.219086,9.59031,1.65406,0.3
625,1,1,0.173404,0.226216,9.88404,1.7079,0.3
626,1,1,0.164863,0.219937,9.39717,1.66049,0.3
627,1,1,0.17732,0.226409,10.1072,1.70935,0.3
628,1,1,0.177101,0.22641,10.0948,1.70935,0.3
630,1,1,0.172305,0.225766,9.82136,1.70449,0.3
631,1,1,0.173533,0.225938,9.89137,1.7058,0.3
633,1,1,0.173684,0.228266,9.9,1.72337,0.3
634,1,1,0.168885,0.222165,9.62645,1.67731,0.3
635,1,1,0.172636,0.225262,9.84024,1.70069,0.3
636,1,1,0.17205,0.225621,9.80685,1.7034,0.3
637,1,1,0.169917,0.224885,9.68527,1.69785,0.3
638,1,1,0.172437,0.225428,9.82891,1.70194,0.3
639,1,1,0.172321,0.222654,9.82232,1.681,0.3
640,1,1,0.173684,0.228266,9.9,1.72337,0.3
641,1,1,0.176349,0.223596,10.0519,1.68811,0.3
642,1,1,0.17966,0.229078,10.2406,1.7295,0.3
643,1,1,0.168585,0.224784,9.60934,1.69708,0.3
644,1,1,0.16993,0.220665,9.686,1.66598,0.3
647,1,1,0.176498,0.223092,10.0604,1.68431,0.3
649,1,1,0.171572,0.225804,9.7796,1.70479,0.3
650,1,1,0.173684,0.228266,9.9,1.72337,0.3
652,1,1,0.180235,0.230193,10.2734,1.73792,0.3
653,1,1,0.17401,0.225568,9.9186,1.703,0.3
654,1,1,0.181362,0.224496,10.3376,1.69491,0.3
655,1,1,0.173434,0.225609,9.88576,1.70331,0.3
656,1,1,0.173615,0.225404,9.89606,1.70176,0.3
657,1,1,0.168481,0.219388,9.60343,1.65635,0.3
658,1,1,0.18106,0.223472,10.3204,1.68718,0.3
659,1,1,0.167842,0.222302,9.56701,1.67834,0.3
660,1,1,0.171455,0.225194,9.77292,1.70018,0.3
663,1,1,0.173684,0.228266,9.9,1.72337,0.3
664,1,1,0.178277,0.229332,10.1618,1.73142,0.3
666,1,1,0.178947,0.231699,10.2,1.74929,0.3
667,1,1,0.173047,0.225145,9.86365,1.69981,0.3
668,1,1,0.171387,0.225347,9.76906,1.70134,0.3
669,1,1,0.16933,0.224885,9.65182,1.69785,0.3
670,1,1,0.169556,0.224862,9.66469,1.69767,0.3
671,1,1,0.168421,0.224781,9.6,1.69706,0.3
672,1,1,0.179505,0.227284,10.2318,1.71595,0.3
673,1,1,0.17267,0.221163,9.84219,1.66974,0.3
674,1,1,0.171215,0.221632,9.75926,1.67328,0.3
675,1,1,0.181822,0.231837,10.3638,1.75033,0.3
676,1,1,0.168044,0.220424,9.57851,1.66416,0.3
677,1,1,0.179028,0.230043,10.2046,1.73679,0.3
678,1,1,0.173684,0.228266,9.9,1.72337,0.3
679,1,1,0.175369,0.228448,9.99602,1.72474,0.3
680,1,1,0.172625,0.225238,9.8396,1.70051,0.3
681,1,1,0.170951,0.220625,9.74421,1.66568,0.3
682,1,1,0.174168,0.223252,9.92757,1.68551,0.3
683,1,1,0.173206,0.227665,9.87273,1.71883,0.3
684,1,1,0.176653,0.229364,10.0692,1.73166,0.3
685,1,1,0.169977,0.221339,9.68869,1.67107,0.3
686,1,1,0.169413,0.224844,9.65655,1.69753,0.3
687,1,1,0.195551,0.234146,11.1464,1.76776,0.3
688,1,1,0.164839,0.218816,9.39584,1.65202,0.3
690,1,1,0.178259,0.22794,10.1608,1.72091,0.3
691,1,1,0.181252,0.229433,10.3314,1.73218,0.3
692,1,1,0.17074,0.223809,9.73217,1.68972,0.3
694,1,1,0.185666,0.232074,10.583,1.75212,0.3
695,1,1,0.177784,0.225851,10.1337,1.70514,0.3
696,1,1,0.174675,0.225837,9.95645,1.70503,0.3
697,1,1,0.168421,0.224781,9.6,1.69706,0.3
698,1,1,0.169503,0.224929,9.66168,1.69818,0.3
699,1,1,0.169432,0.22491,9.65761,1.69803,0.3
700,1,1,0.212184,0.242882,12.0945,1.83372,0.3
701,1,1,0.172204,0.226588,9.81562,1.7107,0.3
703,1,1,0.169753,0.220711,9.67595,1.66633,0.3
704,1,1,0.176137,0.226877,10.0398,1.71288,0.3
705,1,1,0.185846,0.227678,10.5932,1.71893,0.3
706,1,1,0.175472,0.224163,10.0019,1.69239,0.3
707,1,1,0.171513,0.221828,9.77625,1.67477,0.3
708,1,1,0.178141,0.22868,10.1541,1.7265,0.3
709,1,1,0.179164,0.224656,10.2123,1.69611,0.3
710,1,1,0.173864,0.225877,9.91025,1.70534,0.3
712,1,1,0.173684,0.228266,9.9,1.72337,0.3
714,1,1,0.178463,0.224163,10.1724,1.69239,0.3
715,1,1,0.171227,0.224953,9.75993,1.69836,0.3
716,1,1,0.173684,0.228266,9.9,1.72337,0.3
717,1,1,0.177895,0.223024,10.14,1.68379,0.3
718,1,1,0.182169,0.229111,10.3836,1.72975,0.3
719,1,1,0.169554,0.220513,9.66458,1.66484,0.3
720,1,1,0.169019,0.224803,9.63407,1.69722,0.3
721,1,1,0.17877,0.225754,10.1899,1.70441,0.3
722,1,1,0.184992,0.225266,10.5445,1.70072,0.3
724,1,1,0.170255,0.225061,9.70451,1.69917,0.3
725,1,1,0.186379,0.228843,10.6236,1.72773,0.3
726,1,1,0.168891,0.22312,9.6268,1.68452,0.3
727,1,1,0.168421,0.224781,9.6,1.69706,0.3
728,1,1,0.170889,0.225551,9.74066,1.70288,0.3
730,1,1,0.172273,0.225486,9.81958,1.70238,0.3
731,1,1,0.175724,0.227957,10.0162,1.72104,0.3
732,1,1,0.170472,0.219881,9.71689,1.66006,0.3
733,1,1,0.169199,0.22012,9.64432,1.66187,0.3
734,1,1,0.168495,0.222364,9.60419,1.67881,0.3
735,1,1,0.170117,0.220584,9.69668,1.66537,0.3
736,1,1,0.170315,0.224921,9.70795,1.69812,0.3
737,1,1,0.185218,0.225557,10.5574,1.70292,0.3
738,1,1,0.175138,0.227624,9.98287,1.71852,0.3
739,1,1,0.173533,0.226465,9.89141,1.70978,0.3
740,1,1,0.180166,0.229579,10.2694,1.73328,0.3
741,1,1,0.17332,0.226333,9.87926,1.70877,0.3
742,1,1,0.174754,0.225863,9.96096,1.70523,0.3
743,1,1,0.174173,0.228153,9.92788,1.72252,0.3
745,1,1,0.171043,0.222666,9.74944,1.68109,0.3
746,1,1,0.173684,0.228266,9.9,1.72337,0.3
747,1,1,0.179191,0.226007,10.2139,1.70631,0.3
749,1,1,0.173859,0.22165,9.90996,1.67342,0.3
750,1,1,0.182017,0.225076,10.375,1.69929,0.3
751,1,1,0.169241,0.224866,9.64671,1.6977,0.3
752,1,1,0.173411,0.226001,9.88441,1.70627,0.3
753,1,1,0.184332,0.228018,10.5069,1.7215,0.3
754,1,1,0.176494,0.228876,10.0602,1.72798,0.3
755,1,1,0.171759,0.225037,9.79029,1.69899,0.3
756,1,1,0.169242,0.221924,9.64682,1.67549,0.3
757,1,1,0.169511,0.224931,9.66211,1.69819,0.3
758,1,1,0.190393,0.229931,10.8524,1.73594,0.3
759,1,1,0.168421,0.224781,9.6,1.69706,0.3
760,1,1,0.206751,0.241081,11.7848,1.82012,0.3
761,1,1,0.171553,0.226021,9.77852,1.70642,0.3
762,1,1,0.173684,0.228266,9.9,1.72337,0.3
763,1,1,0.173737,0.22576,9.90302,1.70445,0.3
764,1,1,0.192773,0.23152,10.988,1.74794,0.3
765,1,1,0.168421,0.224781,9.6,1.69706,0.3
766,1,1,0.170832,0.220542,9.73741,1.66506,0.3
767,1,1,0.168421,0.224781,9.6,1.69706,0.3
768,1,1,0.174888,0.226104,9.96862,1.70704,0.3
770,1,1,0.182423,0.228767,10.3981,1.72716,0.3
771,1,1,0.175908,0.223859,10.0268,1.6901,0.3
773,1,1,0.171854,0.225135,9.79569,1.69973,0.3
774,1,1,0.174407,0.22341,9.94121,1.68671,0.3
775,1,1,0.170059,0.224842,9.69336,1.69752,0.3
776,1,1,0.174617,0.225834,9.95318,1.70501,0.3
777,1,1,0.172813,0.225331,9.85034,1.70121,0.3
778,1,1,0.171286,0.220488,9.76332,1.66465,0.3
779,1,1,0.169072,0.222434,9.63713,1.67934,0.3
780,1,1,0.168421,0.224781,9.6,1.69706,0.3
781,1,1,0.17221,0.225127,9.81599,1.69967,0.3
782,1,1,0.174163,0.227021,9.92728,1.71397,0.3
783,1,1,0.175872,0.222841,10.0247,1.68241,0.3
785,1,1,0.169533,0.224859,9.66339,1.69765,0.3
786,1,1,0.18149,0.229617,10.3449,1.73357,0.3
787,1,1,0.169202,0.22012,9.64451,1.66187,0.3
788,1,1,0.172604,0.226988,9.8384,1.71372,0.3
790,1,1,0.175222,0.222136,9.98767,1.67709,0.3
791,1,1,0.178245,0.224571,10.1599,1.69547,0.3
792,1,1,0.168596,0.224783,9.60997,1.69707,0.3
793,1,1,0.178947,0.231699,10.2,1.74929,0.3
794,1,1,0.171177,0.224952,9.75711,1.69835,0.3
795,1,1,0.173684,0.228266,9.9,1.72337,0.3
796,1,1,0.175905,0.226317,10.0266,1.70866,0.3
797,1,1,0.170092,0.22326,9.69527,1.68558,0.3
798,1,1,0.188694,0.229705,10.7556,1.73423,0.3
799,1,1,0.174671,0.227926,9.95627,1.72081,0.3
800,1,1,0.179108,0.225921,10.2092,1.70566,0.3
801,1,1,0.182299,0.231468,10.3911,1.74755,0.3
802,1,1,0.172244,0.221035,9.81793,1.66877,0.3
803,1,1,0.173906,0.226066,9.91262,1.70676,0.3
804,1,1,0.168421,0.224781,9.6,1.69706,0.3
806,1,1,0.168421,0.224781,9.6,1.69706,0.3
808,1,1,0.177699,0.225649,10.1288,1.70362,0.3
809,1,1,0.215367,0.251097,12.2759,1.89574,0.3
810,1,1,0.171792,0.225668,9.79214,1.70376,0.3
811,1,1,0.17128,0.225405,9.76297,1.70177,0.3
814,1,1,0.181348,0.225306,10.3369,1.70103,0.3
815,1,1,0.176325,0.224362,10.0505,1.6939,0.3
816,1,1,0.173684,0.228266,9.9,1.72337,0.3
817,1,1,0.168421,0.224781,9.6,1.69706,0.3
818,1,1,0.176888,0.223661,10.0826,1.68861,0.3
819,1,1,0.165701,0.219693,9.44496,1.65864,0.3
820,1,1,0.171075,0.224953,9.75125,1.69835,0.3
822,1,1,0.172633,0.225153,9.84006,1.69986,0.3
823,1,1,0.217473,0.253041,12.396,1.91042,0.3
824,1,1,0.179974,0.227993,10.2585,1.72131,0.3
825,1,1,0.173871,0.225242,9.91062,1.70054,0.3
826,1,1,0.176433,0.223599,10.0567,1.68814,0.3
828,1,1,0.180906,0.230251,10.3116,1.73836,0.3
829,1,1,0.175571,0.225803,10.0075,1.70477,0.3
830,1,1,0.169785,0.221378,9.67776,1.67136,0.3
831,1,1,0.170587,0.22168,9.72343,1.67365,0.3
833,1,1,0.177846,0.230062,10.1372,1.73693,0.3
834,1,1,0.170504,0.22501,9.71871,1.69879,0.3
835,1,1,0.17792,0.22303,10.1415,1.68384,0.3
836,1,1,0.164388,0.219724,9.37014,1.65888,0.3
837,1,1,0.188296,0.227722,10.7329,1.71926,0.3
838,1,1,0.170617,0.224984,9.72519,1.69859,0.3
840,1,1,0.173684,0.228266,9.9,1.72337,0.3
841,1,1,0.172488,0.225466,9.83179,1.70223,0.3
842,1,1,0.170788,0.224975,9.73491,1.69852,0.3
843,1,1,0.176607,0.22933,10.0666,1.73141,0.3
844,1,1,0.17512,0.220413,9.98181,1.66408,0.3
845,1,1,0.163158,0.221241,9.3,1.67033,0.3
846,1,1,0.17584,0.228577,10.0229,1.72572,0.3
847,1,1,0.195363,0.232254,11.1357,1.75348,0.3
848,1,1,0.177907,0.224408,10.1407,1.69425,0.3
849,1,1,0.173965,0.225777,9.91599,1.70458,0.3
850,1,1,0.173754,0.223169,9.90396,1.68489,0.3
851,1,1,0.174801,0.225444,9.96365,1.70206,0.3
852,1,1,0.163051,0.219088,9.2939,1.65408,0.3
853,1,1,0.171809,0.225201,9.79313,1.70023,0.3
854,1,1,0.168967,0.224802,9.63113,1.69721,0.3
855,1,1,0.168421,0.224781,9.6,1.69706,0.3
856,1,1,0.169898,0.225057,9.68418,1.69914,0.3
857,1,1,0.170933,0.225194,9.74317,1.70018,0.3
858,1,1,0.173538,0.225283,9.89167,1.70085,0.3
859,1,1,0.17008,0.220564,9.69455,1.66522,0.3
860,1,1,0.179067,0.226294,10.2068,1.70848,0.3
861,1,1,0.170056,0.22493,9.69318,1.69819,0.3
862,1,1,0.179638,0.22504,10.2393,1.69901,0.3
863,1,1,0.17986,0.22422,10.252,1.69282,0.3
864,1,1,0.17882,0.221822,10.1928,1.67472,0.3
865,1,1,0.175729,0.226006,10.0165,1.70631,0.3
866,1,1,0.177818,0.22933,10.1356,1.7314,0.3
867,1,1,0.181102,0.229917,10.3228,1.73583,0.3
868,1,1,0.17358,0.225477,9.89409,1.70231,0.3
870,1,1,0.173684,0.228266,9.9,1.72337,0.3
871,1,1,0.173099,0.227539,9.86667,1.71788,0.3
872,1,1,0.165369,0.22187,9.42605,1.67508,0.3
873,1,1,0.172188,0.225754,9.8147,1.70441,0.3
874,1,1,0.170536,0.220465,9.72053,1.66447,0.3
875,1,1,0.170893,0.225269,9.74091,1.70074,0.3
877,1,1,0.187526,0.233723,10.689,1.76457,0.3
878,1,1,0.173173,0.222419,9.87088,1.67923,0.3
879,1,1,0.182486,0.223372,10.4017,1.68642,0.3
880,1,1,0.178209,0.228819,10.1579,1.72755,0.3
882,1,1,0.168421,0.224781,9.6,1.69706,0.3
883,1,1,0.171093,0.222282,9.7523,1.67819,0.3
885,1,1,0.176614,0.229335,10.067,1.73144,0.3
886,1,1,0.168427,0.224781,9.60032,1.69706,0.3
887,1,1,0.170069,0.220521,9.69392,1.6649,0.3
888,1,1,0.163158,0.221241,9.3,1.67033,0.3
889,1,1,0.171148,0.225722,9.75546,1.70416,0.3
891,1,1,0.18236,0.228661,10.3945,1.72635,0.3
892,1,1,0.173795,0.225942,9.90633,1.70582,0.3
893,1,1,0.170559,0.224607,9.72188,1.69574,0.3
894,1,1,0.173684,0.228266,9.9,1.72337,0.3
895,1,1,0.169215,0.219794,9.64525,1.65941,0.3
896,1,1,0.187577,0.233939,10.6919,1.7662,0.3
897,1,1,0.17737,0.222004,10.1101,1.67609,0.3
898,1,1,0.164721,0.219902,9.38909,1.66022,0.3
899,1,1,0.172922,0.226406,9.85655,1.70933,0.3
900,1,1,0.172874,0.225754,9.85382,1.70441,0.3
901,1,1,0.174028,0.226024,9.91957,1.70645,0.3
902,1,1,0.173604,0.227046,9.89542,1.71416,0.3
905,1,1,0.168421,0.224781,9.6,1.69706,0.3
906,1,1,0.178085,0.222891,10.1508,1.68279,0.3
908,1,1,0.168162,0.220358,9.58523,1.66367,0.3
909,1,1,0.184888,0.233973,10.5386,1.76646,0.3
910,1,1,0.169145,0.224847,9.64129,1.69756,0.3
912,1,1,0.176798,0.226235,10.0775,1.70804,0.3
913,1,1,0.175177,0.226367,9.98506,1.70903,0.3
914,1,1,0.168421,0.224781,9.6,1.69706,0.3
915,1,1,0.181355,0.230228,10.3372,1.73818,0.3
916,1,1,0.187554,0.227124,10.6906,1.71475,0.3
917,1,1,0.182729,0.226804,10.4155,1.71233,0.3
918,1,1,0.193262,0.229926,11.016,1.7359,0.3
919,1,1,0.174059,0.225827,9.92134,1.70496,0.3
920,1,1,0.174327,0.227118,9.93666,1.7147,0.3
921,1,1,0.172028,0.222378,9.80562,1.67891,0.3
922,1,1,0.183728,0.227928,10.4725,1.72082,0.3
923,1,1,0.180188,0.225876,10.2707,1.70533,0.3
924,1,1,0.175492,0.222439,10.003,1.67938,0.3
926,1,1,0.169575,0.224854,9.66575,1.69761,0.3
927,1,1,0.169807,0.22492,9.67899,1.69811,0.3
928,1,1,0.166239,0.221004,9.47564,1.66854,0.3
930,1,1,0.176191,0.226816,10.0429,1.71242,0.3
931,1,1,0.168421,0.224781,9.6,1.69706,0.3
932,1,1,0.18619,0.231856,10.6128,1.75048,0.3
933,1,1,0.168937,0.224814,9.62941,1.69731,0.3
934,1,1,0.17055,0.225019,9.72136,1.69886,0.3
935,1,1,0.188868,0.234469,10.7655,1.7702,0.3
936,1,1,0.171959,0.225661,9.80168,1.7037,0.3
937,1,1,0.172197,0.225275,9.81521,1.70079,0.3
940,1,1,0.175106,0.228518,9.98103,1.72527,0.3
941,1,1,0.18306,0.228712,10.4344,1.72674,0.3
942,1,1,0.170955,0.225005,9.74444,1.69875,0.3
943,1,1,0.185771,0.232065,10.5889,1.75205,0.3
944,1,1,0.196097,0.233087,11.1775,1.75976,0.3
945,1,1,0.171982,0.225066,9.80298,1.69921,0.3
946,1,1,0.168421,0.224781,9.6,1.69706,0.3
947,1,1,0.173759,0.222796,9.90428,1.68207,0.3
948,1,1,0.163806,0.221286,9.33694,1.67067,0.3
949,1,1,0.17229,0.225765,9.82055,1.70449,0.3
950,1,1,0.178584,0.227042,10.1793,1.71413,0.3
951,1,1,0.177527,0.22679,10.1191,1.71223,0.3
952,1,1,0.178947,0.231699,10.2,1.74929,0.3
954,1,1,0.169288,0.224876,9.64943,1.69778,0.3
955,1,1,0.171705,0.225018,9.78717,1.69885,0.3
956,1,1,0.181922,0.229226,10.3695,1.73062,0.3
957,1,1,0.178947,0.231699,10.2,1.74929,0.3
959,1,1,0.173545,0.226189,9.89204,1.70769,0.3
962,1,1,0.185515,0.22648,10.5744,1.70989,0.3
963,1,1,0.170348,0.225067,9.70981,1.69922,0.3
964,1,1,0.179794,0.230232,10.2483,1.73821,0.3
965,1,1,0.179419,0.226177,10.2269,1.7076,0.3
966,1,1,0.169093,0.224838,9.63828,1.69749,0.3
967,1,1,0.168421,0.224781,9.6,1.69706,0.3
968,1,1,0.181887,0.230381,10.3675,1.73934,0.3
970,1,1,0.177333,0.222709,10.108,1.68142,0.3
971,1,1,0.169918,0.224924,9.68535,1.69814,0.3
972,1,1,0.179878,0.227852,10.253,1.72025,0.3
973,1,1,0.168421,0.224781,9.6,1.69706,0.3
974,1,1,0.169487,0.219864,9.66077,1.65994,0.3
975,1,1,0.172898,0.225193,9.85519,1.70017,0.3
976,1,1,0.187627,0.23462,10.6947,1.77134,0.3
977,1,1,0.170845,0.225251,9.73818,1.70061,0.3
978,1,1,0.171701,0.22503,9.78694,1.69894,0.3
979,1,1,0.168421,0.224781,9.6,1.69706,0.3
981,1,1,0.173477,0.227998,9.88817,1.72135,0.3
983,1,1,0.179805,0.231789,10.2489,1.74997,0.3
984,1,1,0.178947,0.231699,10.2,1.74929,0.3
985,1,1,0.173851,0.223561,9.90951,1.68785,0.3
986,1,1,0.168421,0.224781,9.6,1.69706,0.3
987,1,1,0.172122,0.225984,9.81094,1.70614,0.3
988,1,1,0.180823,0.225909,10.3069,1.70557,0.3
989,1,1,0.170605,0.220537,9.72446,1.66501,0.3
990,1,1,0.180817,0.232128,10.3066,1.75253,0.3
991,1,1,0.172483,0.221322,9.83153,1.67095,0.3
992,1,1,0.174568,0.224981,9.95037,1.69857,0.3
993,1,1,0.169721,0.224995,9.67412,1.69867,0.3
994,1,1,0.173784,0.222841,9.9057,1.68242,0.3
995,1,1,0.182505,0.223366,10.4028,1.68638,0.3
996,1,1,0.170365,0.224951,9.71081,1.69834,0.3
997,1,1,0.168421,0.224781,9.6,1.69706,0.3
998,1,1,0.173684,0.228266,9.9,1.72337,0.3
999,1,1,0.168421,0.224781,9.6,1.69706,0.3
1000,1,1,0.175817,0.22613,10.0215,1.70725,0.3
1001,1,1,0.169412,0.224905,9.65649,1.698,0.3
1005,1,1,0.18048,0.222769,10.2873,1.68187,0.3
1006,1,1,0.170706,0.225441,9.73021,1.70204,0.3
1007,1,1,0.192143,0.235936,10.9522,1.78127,0.3
1008,1,1,0.180317,0.226261,10.2781,1.70823,0.3
1009,1,1,0.177914,0.224336,10.1411,1.6937,0.3
1010,1,1,0.192084,0.238428,10.9488,1.80009,0.3
1012,1,1,0.168421,0.224781,9.6,1.69706,0.3
1013,1,1,0.173684,0.228266,9.9,1.72337,0.3
1014,1,1,0.172469,0.226848,9.83072,1.71267,0.3
1015,1,1,0.171742,0.225368,9.78927,1.70149,0.3
1016,1,1,0.169734,0.224947,9.67486,1.69831,0.3
1018,1,1,0.168421,0.224781,9.6,1.69706,0.3
1019,1,1,0.167779,0.219516,9.56342,1.65731,0.3
1020,1,1,0.169561,0.220883,9.66496,1.66763,0.3
1021,1,1,0.183999,0.225692,10.4879,1.70394,0.3
1022,1,1,0.18676,0.225338,10.6453,1.70127,0.3
1024,1,1,0.179823,0.230542,10.2499,1.74056,0.3
1025,1,1,0.170342,0.22489,9.70948,1.69788,0.3
1026,1,1,0.179445,0.229616,10.2284,1.73356,0.3
1027,1,1,0.177424,0.227529,10.1132,1.71781,0.3
1028,1,1,0.173684,0.228266,9.9,1.72337,0.3
1029,1,1,0.170635,0.224933,9.72618,1.69821,0.3
1030,1,1,0.178547,0.222825,10.1772,1.68229,0.3
1031,1,1,0.177,0.225679,10.089,1.70384,0.3
1032,1,1,0.182274,0.227354,10.3896,1.71649,0.3
1033,1,1,0.178124,0.22429,10.1531,1.69335,0.3
1034,1,1,0.174076,0.226118,9.92231,1.70715,0.3
1035,1,1,0.173688,0.228266,9.90019,1.72337,0.3
1036,1,1,0.172957,0.225,9.85855,1.69871,0.3
1037,1,1,0.163158,0.221241,9.3,1.67033,0.3
1038,1,1,0.179716,0.223216,10.2438,1.68524,0.3
1040,1,1,0.183275,0.226392,10.4467,1.70922,0.3
1041,1,1,0.170214,0.225039,9.70219,1.69901,0.3
1042,1,1,0.168597,0.224785,9.61003,1.69709,0.3
1043,1,1,0.173684,0.228266,9.9,1.72337,0.3
1044,1,1,0.166174,0.221445,9.47191,1.67187,0.3
1045,1,1,0.169679,0.224875,9.6717,1.69777,0.3
1046,1,1,0.172137,0.2259,9.81182,1.70551,0.3
1047,1,1,0.172643,0.224065,9.84063,1.69166,0.3
1048,1,1,0.172469,0.226848,9.83072,1.71267,0.3
1049,1,1,0.173293,0.221389,9.87771,1.67145,0.3
1050,1,1,0.187678,0.226864,10.6976,1.71279,0.3
1051,1,1,0.184907,0.226023,10.5397,1.70644,0.3
1052,1,1,0.169046,0.22054,9.63562,1.66504,0.3
1053,1,1,0.173511,0.225265,9.89011,1.70072,0.3
1054,1,1,0.170032,0.224978,9.69182,1.69854,0.3
1055,1,1,0.173684,0.228266,9.9,1.72337,0.3
1056,1,1,0.168581,0.224784,9.60912,1.69708,0.3
1057,1,1,0.179172,0.225554,10.2128,1.7029,0.3
1058,1,1,0.179945,0.22593,10.2568,1.70573,0.3
1059,1,1,0.181462,0.222192,10.3433,1.67751,0.3
1060,1,1,0.185672,0.228136,10.5833,1.72239,0.3
1061,1,1,0.194646,0.232374,11.0948,1.75438,0.3
1062,1,1,0.170755,0.22547,9.73305,1.70226,0.3
1063,1,1,0.175721,0.228783,10.0161,1.72728,0.3
1064,1,1,0.173684,0.228266,9.9,1.72337,0.3
1065,1,1,0.169306,0.22488,9.65042,1.69781,0.3
1066,1,1,0.171758,0.2254,9.7902,1.70174,0.3
1069,1,1,0.175,0.226667,9.975,1.7113,0.3
1070,1,1,0.180929,0.223382,10.313,1.6865,0.3
1071,1,1,0.173751,0.2266,9.90383,1.7108,0.3
1073,1,1,0.185711,0.23069,10.5855,1.74167,0.3
1074,1,1,0.167602,0.223771,9.55333,1.68943,0.3
1075,1,1,0.167467,0.220693,9.54564,1.6662,0.3
1076,1,1,0.176326,0.223882,10.0506,1.69028,0.3
1077,1,1,0.176509,0.227991,10.061,1.7213,0.3
1078,1,1,0.172625,0.225238,9.8396,1.70051,0.3
1079,1,1,0.169578,0.224851,9.66592,1.69759,0.3
1080,1,1,0.181817,0.227295,10.3636,1.71604,0.3
1081,1,1,0.17137,0.225219,9.76806,1.70037,0.3
1082,1,1,0.188795,0.229439,10.7613,1.73223,0.3
1083,1,1,0.177872,0.229101,10.1387,1.72967,0.3
1084,1,1,0.183683,0.224911,10.4699,1.69804,0.3
1085,1,1,0.174604,0.226253,9.95243,1.70817,0.3
1086,1,1,0.175265,0.225126,9.99012,1.69967,0.3
1088,1,1,0.183419,0.229254,10.4549,1.73083,0.3
1089,1,1,0.169643,0.224867,9.66966,1.69771,0.3
1090,1,1,0.163158,0.221241,9.3,1.67033,0.3
1091,1,1,0.173558,0.225768,9.8928,1.70451,0.3
1092,1,1,0.170144,0.225039,9.69822,1.699,0.3
1093,1,1,0.174164,0.228141,9.92733,1.72242,0.3
1094,1,1,0.175059,0.220386,9.97837,1.66388,0.3
1095,1,1,0.181059,0.223472,10.3204,1.68718,0.3
1096,1,1,0.168421,0.224781,9.6,1.69706,0.3
1097,1,1,0.170632,0.2254,9.72605,1.70173,0.3
1098,1,1,0.173141,0.227588,9.86905,1.71825,0.3
1099,1,1,0.172584,0.226425,9.83727,1.70947,0.3
1100,1,1,0.181275,0.22707,10.3327,1.71434,0.3
1101,1,1,0.170071,0.222124,9.69404,1.677,0.3
1103,1,1,0.168421,0.224781,9.6,1.69706,0.3
1104,1,1,0.173684,0.228266,9.9,1.72337,0.3
1105,1,1,0.173544,0.223107,9.89201,1.68442,0.3
1106,1,1,0.175042,0.227187,9.97742,1.71523,0.3
1107,1,1,0.174735,0.22637,9.95989,1.70906,0.3
1108,1,1,0.165316,0.219002,9.42302,1.65343,0.3
1109,1,1,0.170176,0.22492,9.70001,1.69811,0.3
1110,1,1,0.165192,0.220738,9.41593,1.66653,0.3
1111,1,1,0.179668,0.22602,10.2411,1.70641,0.3
1112,1,1,0.168421,0.224781,9.6,1.69706,0.3
1113,1,1,0.173684,0.228266,9.9,1.72337,0.3
1114,1,1,0.171729,0.221349,9.78856,1.67115,0.3
1115,1,1,0.169215,0.224822,9.64525,1.69737,0.3
1116,1,1,0.175133,0.223536,9.98258,1.68766,0.3
1117,1,1,0.169249,0.224868,9.64721,1.69771,0.3
1118,1,1,0.172039,0.225267,9.80621,1.70073,0.3
1119,1,1,0.171233,0.225122,9.76025,1.69963,0.3
1120,1,1,0.170281,0.225018,9.706,1.69885,0.3
1122,1,1,0.176606,0.226036,10.0665,1.70653,0.3
1123,1,1,0.163158,0.221241,9.3,1.67033,0.3
1124,1,1,0.167508,0.22081,9.54797,1.66708,0.3
1126,1,1,0.168956,0.219575,9.63047,1.65776,0.3
1127,1,1,0.185996,0.226566,10.6018,1.71054,0.3
1128,1,1,0.185698,0.230682,10.5848,1.74161,0.3
1129,1,1,0.188856,0.228821,10.7648,1.72756,0.3
1130,1,1,0.171658,0.225268,9.78449,1.70074,0.3
1133,1,1,0.173684,0.228266,9.9,1.72337,0.3
1135,1,1,0.17687,0.223153,10.0816,1.68477,0.3
1136,1,1,0.170698,0.225109,9.72977,1.69954,0.3
1137,1,1,0.173684,0.228266,9.9,1.72337,0.3
1139,1,1,0.180717,0.22314,10.3009,1.68467,0.3
1141,1,1,0.175783,0.22648,10.0196,1.70989,0.3
1142,1,1,0.197054,0.233255,11.2321,1.76103,0.3
1143,1,1,0.170399,0.224905,9.71276,1.69799,0.3
1144,1,1,0.187194,0.229116,10.6701,1.72978,0.3
1145,1,1,0.174348,0.226103,9.93785,1.70704,0.3
1146,1,1,0.174791,0.222884,9.96309,1.68274,0.3
1147,1,1,0.170877,0.221782,9.73996,1.67442,0.3
1148,1,1,0.17199,0.22546,9.80341,1.70219,0.3
1149,1,1,0.172174,0.225498,9.81394,1.70247,0.3
1150,1,1,0.168421,0.224781,9.6,1.69706,0.3
1151,1,1,0.17295,0.226947,9.85815,1.71341,0.3
1152,1,1,0.170869,0.22508,9.73956,1.69932,0.3
1153,1,1,0.169302,0.224851,9.65021,1.69759,0.3
1154,1,1,0.172232,0.225381,9.81724,1.70159,0.3
1155,1,1,0.169961,0.225081,9.68777,1.69932,0.3
1156,1,1,0.168814,0.2248,9.62241,1.6972,0.3
1157,1,1,0.168421,0.224781,9.6,1.69706,0.3
1158,1,1,0.173877,0.226358,9.91099,1.70896,0.3
1159,1,1,0.174154,0.226213,9.92676,1.70787,0.3
1160,1,1,0.174623,0.224936,9.95352,1.69823,0.3
1161,1,1,0.168421,0.224781,9.6,1.69706,0.3
1162,1,1,0.173212,0.225578,9.8731,1.70307,0.3
1163,1,1,0.192023,0.233479,10.9453,1.76273,0.3
1164,1,1,0.177081,0.229,10.0936,1.72891,0.3
1166,1,1,0.172638,0.22139,9.84039,1.67146,0.3
1167,1,1,0.173767,0.222797,9.90469,1.68208,0.3
1169,1,1,0.216957,0.253698,12.3665,1.91538,0.3
1170,1,1,0.170056,0.22493,9.69318,1.69819,0.3
1171,1,1,0.184241,0.227246,10.5017,1.71567,0.3
1172,1,1,0.17462,0.226222,9.95333,1.70794,0.3
1173,1,1,0.169357,0.219985,9.65335,1.66085,0.3
1175,1,1,0.173684,0.228266,9.9,1.72337,0.3
1176,1,1,0.170705,0.221063,9.73016,1.66899,0.3
1177,1,1,0.1694,0.224902,9.65578,1.69797,0.3
1178,1,1,0.187675,0.229763,10.6975,1.73467,0.3
1179,1,1,0.17232,0.2267,9.82222,1.71154,0.3
1180,1,1,0.173684,0.228266,9.9,1.72337,0.3
1181,1,1,0.174242,0.226567,9.93181,1.71055,0.3
1182,1,1,0.173005,0.226937,9.86128,1.71334,0.3
1183,1,1,0.17056,0.220479,9.72194,1.66458,0.3
1184,1,1,0.178162,0.225665,10.1552,1.70374,0.3
1185,1,1,0.178556,0.225163,10.1777,1.69995,0.3
1187,1,1,0.17638,0.229171,10.0537,1.73021,0.3
1188,1,1,0.1738,0.222862,9.9066,1.68257,0.3
1189,1,1,0.173684,0.228266,9.9,1.72337,0.3
1190,1,1,0.16854,0.219077,9.60676,1.654,0.3
1191,1,1,0.170611,0.220434,9.72483,1.66424,0.3
1192,1,1,0.173348,0.22585,9.88084,1.70513,0.3
1193,1,1,0.172625,0.224336,9.8396,1.6937,0.3
1194,1,1,0.181598,0.23111,10.3511,1.74484,0.3
1195,1,1,0.173684,0.228266,9.9,1.72337,0.3
1196,1,1,0.173069,0.225702,9.86491,1.70401,0.3
1197,1,1,0.173079,0.22468,9.86551,1.6963,0.3
1198,1,1,0.183367,0.22844,10.4519,1.72468,0.3
1199,1,1,0.189359,0.226502,10.7935,1.71005,0.3
1200,1,1,0.169189,0.220041,9.64379,1.66127,0.3
1201,1,1,0.1802,0.228233,10.2714,1.72312,0.3
1202,1,1,0.17085,0.223197,9.73845,1.6851,0.3
1203,1,1,0.17099,0.225073,9.74641,1.69927,0.3
1204,1,1,0.187181,0.227386,10.6693,1.71673,0.3
1205,1,1,0.182881,0.225967,10.4242,1.70602,0.3
1206,1,1,0.170082,0.224907,9.69466,1.69801,0.3
1208,1,1,0.181106,0.231701,10.323,1.74931,0.3
1209,1,1,0.170252,0.220364,9.70437,1.66371,0.3
1210,1,1,0.183926,0.232148,10.4838,1.75268,0.3
1211,1,1,0.170755,0.22547,9.73305,1.70226,0.3
1212,1,1,0.170231,0.224904,9.70319,1.69799,0.3
1213,1,1,0.170659,0.225058,9.72759,1.69915,0.3
1214,1,1,0.17713,0.228093,10.0964,1.72206,0.3
1216,1,1,0.168421,0.224781,9.6,1.69706,0.3
1217,1,1,0.171833,0.225734,9.79449,1.70425,0.3
1219,1,1,0.171817,0.220947,9.79356,1.66811,0.3
1220,1,1,0.168421,0.224781,9.6,1.69706,0.3
1221,1,1,0.170873,0.224953,9.73975,1.69836,0.3
1222,1,1,0.166817,0.22287,9.50857,1.68263,0.3
1223,1,1,0.170099,0.221307,9.69567,1.67083,0.3
1224,1,1,0.16553,0.218784,9.43519,1.65178,0.3
1225,1,1,0.169053,0.224831,9.636,1.69744,0.3
1226,1,1,0.165563,0.219257,9.43706,1.65535,0.3
1227,1,1,0.183824,0.23007,10.478,1.73699,0.3
1228,1,1,0.187964,0.233704,10.7139,1.76443,0.3
1229,1,1,0.172942,0.226395,9.8577,1.70924,0.3
1230,1,1,0.169768,0.224847,9.6768,1.69756,0.3
1231,1,1,0.18323,0.228136,10.4441,1.72239,0.3
1233,1,1,0.1765,0.226458,10.0605,1.70972,0.3
1234,1,1,0.169684,0.224068,9.672,1.69168,0.3
1235,1,1,0.1693,0.220649,9.65009,1.66586,0.3
1236,1,1,0.179459,0.229313,10.2291,1.73128,0.3
1237,1,1,0.180881,0.232158,10.3102,1.75275,0.3
1238,1,1,0.173684,0.228266,9.9,1.72337,0.3
1239,1,1,0.173684,0.228266,9.9,1.72337,0.3
1240,1,1,0.183392,0.233116,10.4534,1.75998,0.3
1241,1,1,0.177639,0.226761,10.1254,1.71201,0.3
1242,1,1,0.169851,0.224924,9.68151,1.69814,0.3
1243,1,1,0.182418,0.227711,10.3978,1.71918,0.3
1244,1,1,0.17718,0.221938,10.0993,1.6756,0.3
1245,1,1,0.171725,0.225116,9.78831,1.69959,0.3
1247,1,1,0.173684,0.228266,9.9,1.72337,0.3
1250,1,1,0.174441,0.226148,9.94316,1.70738,0.3
1251,1,1,0.173684,0.228266,9.9,1.72337,0.3
1252,1,1,0.171322,0.224364,9.76536,1.69391,0.3
1254,1,1,0.171475,0.225391,9.77405,1.70166,0.3
1255,1,1,0.169404,0.224903,9.65602,1.69798,0.3
1256,1,1,0.179595,0.231714,10.2369,1.7494,0.3
1257,1,1,0.18009,0.226953,10.2651,1.71346,0.3
1259,1,1,0.179944,0.225871,10.2568,1.70529,0.3
1260,1,1,0.170534,0.225057,9.72043,1.69915,0.3
1261,1,1,0.168421,0.224781,9.6,1.69706,0.3
1262,1,1,0.189103,0.226418,10.7789,1.70942,0.3
1263,1,1,0.175142,0.225972,9.98308,1.70605,0.3
1264,1,1,0.168421,0.224781,9.6,1.69706,0.3
1265,1,1,0.168421,0.224781,9.6,1.69706,0.3
1266,1,1,0.170264,0.224915,9.70508,1.69807,0.3
1267,1,1,0.176783,0.223746,10.0766,1.68925,0.3
1268,1,1,0.18187,0.232747,10.3666,1.7572,0.3
1269,1,1,0.170462,0.220906,9.71633,1.6678,0.3
1270,1,1,0.182184,0.227418,10.3845,1.71697,0.3
1271,1,1,0.174991,0.226059,9.97448,1.70671,0.3
1272,1,1,0.176992,0.228209,10.0886,1.72294,0.3
1273,1,1,0.173599,0.225691,9.89517,1.70393,0.3
1275,1,1,0.17514,0.224465,9.98299,1.69467,0.3
1276,1,1,0.182591,0.231164,10.4077,1.74525,0.3
1277,1,1,0.173802,0.221671,9.9067,1.67358,0.3
1278,1,1,0.178769,0.229885,10.1898,1.73559,0.3
1279,1,1,0.174569,0.225694,9.95043,1.70395,0.3
1280,1,1,0.171473,0.224507,9.77394,1.69499,0.3
1281,1,1,0.172991,0.226356,9.86051,1.70895,0.3
1283,1,1,0.174405,0.228331,9.9411,1.72386,0.3
1284,1,1,0.171011,0.225367,9.74764,1.70149,0.3
1285,1,1,0.169193,0.224856,9.64399,1.69763,0.3
1286,1,1,0.173684,0.228266,9.9,1.72337,0.3
1287,1,1,0.17158,0.225015,9.78008,1.69883,0.3
1288,1,1,0.173907,0.22568,9.91272,1.70384,0.3
1289,1,1,0.169586,0.221977,9.66638,1.67589,0.3
1290,1,1,0.168421,0.224781,9.6,1.69706,0.3
1291,1,1,0.169842,0.225037,9.68101,1.69899,0.3
1292,1,1,0.187019,0.228603,10.6601,1.72592,0.3
1294,1,1,0.173684,0.228266,9.9,1.72337,0.3
1295,1,1,0.172827,0.225327,9.85112,1.70118,0.3
1296,1,1,0.185445,0.234825,10.5703,1.77289,0.3
1297,1,1,0.17505,0.222667,9.97786,1.6811,0.3
1298,1,1,0.186914,0.233131,10.6541,1.7601,0.3
1299,1,1,0.171604,0.226061,9.78141,1.70672,0.3
1300,1,1,0.16614,0.220133,9.46998,1.66196,0.3
1301,1,1,0.173222,0.225327,9.87367,1.70118,0.3
1302,1,1,0.17069,0.224962,9.72934,1.69843,0.3
1303,1,1,0.16859,0.221218,9.60966,1.67016,0.3
1304,1,1,0.168763,0.224795,9.6195,1.69717,0.3
1305,1,1,0.169606,0.224873,9.66751,1.69775,0.3
1306,1,1,0.176377,0.227262,10.0535,1.71579,0.3
1307,1,1,0.173639,0.225768,9.89741,1.70451,0.3
1308,1,1,0.178947,0.231699,10.2,1.74929,0.3
1309,1,1,0.173155,0.225923,9.86985,1.70568,0.3
1310,1,1,0.183174,0.226843,10.4409,1.71263,0.3
1313,1,1,0.170167,0.22194,9.69954,1.67561,0.3
1315,1,1,0.168421,0.224781,9.6,1.69706,0.3
1316,1,1,0.173855,0.223079,9.90971,1.68421,0.3
1317,1,1,0.168288,0.22206,9.5924,1.67652,0.3
1318,1,1,0.173684,0.228266,9.9,1.72337,0.3
1319,1,1,0.176097,0.228991,10.0375,1.72885,0.3
1320,1,1,0.182649,0.225805,10.411,1.70479,0.3
1321,1,1,0.175448,0.226906,10.0006,1.71311,0.3
1322,1,1,0.170288,0.224983,9.70644,1.69858,0.3
1323,1,1,0.173579,0.225303,9.89402,1.701,0.3
1324,1,1,0.171715,0.225252,9.78775,1.70061,0.3
1325,1,1,0.164256,0.220207,9.36257,1.66253,0.3
1326,1,1,0.170459,0.224911,9.71617,1.69804,0.3
1328,1,1,0.18476,0.224964,10.5313,1.69844,0.3
1329,1,1,0.172596,0.225267,9.83798,1.70073,0.3
1330,1,1,0.171001,0.225245,9.74703,1.70057,0.3
1332,1,1,0.169272,0.219556,9.64848,1.65761,0.3
1333,1,1,0.165584,0.219767,9.43827,1.65921,0.3
1334,1,1,0.176354,0.226595,10.0522,1.71075,0.3
1335,1,1,0.174763,0.22677,9.96147,1.71207,0.3
1336,1,1,0.165663,0.218422,9.44277,1.64905,0.3
1337,1,1,0.168421,0.224781,9.6,1.69706,0.3
1338,1,1,0.165624,0.220935,9.44058,1.66802,0.3
1339,1,1,0.168421,0.224781,9.6,1.69706,0.3
1340,1,1,0.169435,0.224828,9.65777,1.69741,0.3
1341,1,1,0.181778,0.227288,10.3613,1.71599,0.3
1342,1,1,0.164716,0.219563,9.38884,1.65766,0.3
1343,1,1,0.170189,0.224905,9.7008,1.698,0.3
1345,1,1,0.173684,0.228266,9.9,1.72337,0.3
1346,1,1,0.173684,0.228266,9.9,1.72337,0.3
1347,1,1,0.178135,0.224525,10.1537,1.69513,0.3
1348,1,1,0.178947,0.231699,10.2,1.74929,0.3
1350,1,1,0.173644,0.22256,9.89769,1.68029,0.3
1351,1,1,0.175888,0.228453,10.0256,1.72478,0.3
1352,1,1,0.181564,0.227139,10.3491,1.71486,0.3
1353,1,1,0.169462,0.224849,9.65931,1.69757,0.3
1354,1,1,0.173857,0.226614,9.90985,1.7109,0.3
1355,1,1,0.16741,0.220799,9.54234,1.66699,0.3
1356,1,1,0.173684,0.228266,9.9,1.72337,0.3
1359,1,1,0.17551,0.224733,10.004,1.6967,0.3
1360,1,1,0.168421,0.224781,9.6,1.69706,0.3
1362,1,1,0.169106,0.219741,9.63904,1.65901,0.3
1363,1,1,0.172952,0.225489,9.85825,1.7024,0.3
1364,1,1,0.171725,0.225228,9.78834,1.70044,0.3
1365,1,1,0.176973,0.225716,10.0875,1.70412,0.3
1367,1,1,0.171741,0.225505,9.78926,1.70252,0.3
1368,1,1,0.177095,0.227291,10.0944,1.71601,0.3
1369,1,1,0.168968,0.224819,9.6312,1.69734,0.3
1370,1,1,0.168421,0.224781,9.6,1.69706,0.3
1371,1,1,0.173684,0.228266,9.9,1.72337,0.3
1372,1,1,0.168421,0.224781,9.6,1.69706,0.3
1373,1,1,0.173493,0.225521,9.8891,1.70265,0.3
1375,1,1,0.168421,0.224781,9.6,1.69706,0.3
1376,1,1,0.183896,0.229882,10.482,1.73557,0.3
1377,1,1,0.178947,0.231699,10.2,1.74929,0.3
1378,1,1,0.178992,0.224413,10.2026,1.69428,0.3
1379,1,1,0.173684,0.228266,9.9,1.72337,0.3
1380,1,1,0.172769,0.223046,9.84782,1.68396,0.3
1382,1,1,0.168421,0.224781,9.6,1.69706,0.3
1383,1,1,0.175385,0.225941,9.99693,1.70582,0.3
1384,1,1,0.17774,0.226766,10.1312,1.71205,0.3
1385,1,1,0.191865,0.231956,10.9363,1.75123,0.3
1386,1,1,0.170614,0.2251,9.725,1.69947,0.3
1387,1,1,0.195569,0.233559,11.1474,1.76333,0.3
1388,1,1,0.169053,0.224831,9.636,1.69744,0.3
1389,1,1,0.168421,0.224781,9.6,1.69706,0.3
1390,1,1,0.173684,0.228266,9.9,1.72337,0.3
1392,1,1,0.199683,0.235342,11.3819,1.77679,0.3
1393,1,1,0.177251,0.228799,10.1033,1.7274,0.3
1394,1,1,0.184174,0.227885,10.4979,1.7205,0.3
1395,1,1,0.171207,0.222439,9.75878,1.67938,0.3
1396,1,1,0.168421,0.224781,9.6,1.69706,0.3
1397,1,1,0.175373,0.226749,9.99628,1.71192,0.3
1398,1,1,0.171231,0.225101,9.76014,1.69948,0.3
1400,1,1,0.168312,0.223109,9.59377,1.68444,0.3
1401,1,1,0.179365,0.229882,10.2238,1.73557,0.3
1402,1,1,0.180455,0.222766,10.286,1.68184,0.3
1403,1,1,0.173407,0.226,9.88418,1.70627,0.3
1406,1,1,0.172466,0.221074,9.83058,1.66907,0.3
1407,1,1,0.174246,0.222897,9.93203,1.68284,0.3
1408,1,1,0.168421,0.224781,9.6,1.69706,0.3
1409,1,1,0.169281,0.224804,9.649,1.69723,0.3
1410,1,1,0.171774,0.220431,9.79113,1.66422,0.3
1411,1,1,0.168981,0.2248,9.63191,1.69721,0.3
1412,1,1,0.170919,0.221647,9.74236,1.6734,0.3
1413,1,1,0.169733,0.223962,9.6748,1.69088,0.3
1414,1,1,0.181692,0.23036,10.3564,1.73918,0.3
1415,1,1,0.168421,0.224781,9.6,1.69706,0.3
1416,1,1,0.173064,0.227497,9.86463,1.71756,0.3
1417,1,1,0.173684,0.228266,9.9,1.72337,0.3
1418,1,1,0.177638,0.225586,10.1254,1.70314,0.3
1419,1,1,0.200698,0.237018,11.4398,1.78945,0.3
1420,1,1,0.169969,0.224361,9.68825,1.69389,0.3
1421,1,1,0.170198,0.220208,9.70131,1.66253,0.3
1422,1,1,0.16595,0.221817,9.45914,1.67468,0.3
1423,1,1,0.168421,0.224781,9.6,1.69706,0.3
1424,1,1,0.168421,0.224781,9.6,1.69706,0.3
1425,1,1,0.178225,0.222488,10.1588,1.67975,0.3
1426,1,1,0.182796,0.230664,10.4194,1.74148,0.3
1427,1,1,0.171758,0.2254,9.7902,1.70174,0.3
1429,1,1,0.180442,0.222827,10.2852,1.6823,0.3
1430,1,1,0.168421,0.224781,9.6,1.69706,0.3
1431,1,1,0.169077,0.224826,9.63737,1.6974,0.3
1432,1,1,0.169943,0.223613,9.68673,1.68824,0.3
1433,1,1,0.163158,0.221241,9.3,1.67033,0.3
1434,1,1,0.173684,0.228266,9.9,1.72337,0.3
1435,1,1,0.176239,0.228186,10.0456,1.72277,0.3
1436,1,1,0.170556,0.222076,9.72166,1.67664,0.3
1437,1,1,0.186456,0.230891,10.628,1.74319,0.3
1438,1,1,0.180132,0.225839,10.2676,1.70504,0.3
1439,1,1,0.170303,0.221549,9.70727,1.67265,0.3
1440,1,1,0.172464,0.221357,9.83043,1.67121,0.3
1441,1,1,0.168965,0.224805,9.63101,1.69724,0.3
1444,1,1,0.171881,0.222363,9.79723,1.6788,0.3
1445,1,1,0.171297,0.225309,9.76394,1.70104,0.3
1446,1,1,0.165705,0.220097,9.44517,1.6617,0.3
1447,1,1,0.179384,0.228383,10.2249,1.72426,0.3
1448,1,1,0.169897,0.224942,9.68412,1.69828,0.3
1449,1,1,0.180472,0.226622,10.2869,1.71096,0.3
1450,1,1,0.18062,0.225966,10.2954,1.706,0.3
1451,1,1,0.179792,0.222309,10.2482,1.6784,0.3
1453,1,1,0.176963,0.224319,10.0869,1.69357,0.3
1455,1,1,0.169928,0.224931,9.68589,1.69819,0.3
1456,1,1,0.193115,0.231947,11.0075,1.75116,0.3
1457,1,1,0.188826,0.23486,10.7631,1.77315,0.3
1458,1,1,0.176128,0.223147,10.0393,1.68472,0.3
1459,1,1,0.171881,0.225562,9.79723,1.70295,0.3
1460,1,1,0.184755,0.229944,10.531,1.73604,0.3
1461,1,1,0.169545,0.220422,9.66408,1.66415,0.3
1462,1,1,0.205429,0.240409,11.7094,1.81505,0.3
1463,1,1,0.172469,0.226848,9.83072,1.71267,0.3
1464,1,1,0.173684,0.228266,9.9,1.72337,0.3
1465,1,1,0.178947,0.231699,10.2,1.74929,0.3
1466,1,1,0.178981,0.228892,10.2019,1.72809,0.3
1467,1,1,0.176987,0.222138,10.0883,1.67711,0.3
1468,1,1,0.168676,0.224789,9.61451,1.69712,0.3
1469,1,1,0.17019,0.219504,9.70083,1.65722,0.3
1471,1,1,0.169297,0.224878,9.64995,1.69779,0.3
1472,1,1,0.167626,0.219894,9.5547,1.66017,0.3
1473,1,1,0.173684,0.228266,9.9,1.72337,0.3
1474,1,1,0.169645,0.224853,9.66977,1.6976,0.3
1475,1,1,0.169322,0.224883,9.65135,1.69783,0.3
1476,1,1,0.16907,0.220607,9.63697,1.66554,0.3
1477,1,1,0.176512,0.227264,10.0612,1.71581,0.3
1479,1,1,0.171002,0.225047,9.74712,1.69907,0.3
1480,1,1,0.169966,0.224888,9.68806,1.69787,0.3
1481,1,1,0.184211,0.235081,10.5,1.77482,0.3
1482,1,1,0.192267,0.236151,10.9592,1.7829,0.3
1483,1,1,0.170762,0.224951,9.73344,1.69834,0.3
1484,1,1,0.170044,0.225114,9.69252,1.69958,0.3
1485,1,1,0.173684,0.228266,9.9,1.72337,0.3
1486,1,1,0.181221,0.232334,10.3296,1.75408,0.3
1487,1,1,0.169134,0.224845,9.64062,1.69754,0.3
1488,1,1,0.1709,0.225186,9.74129,1.70012,0.3
1489,1,1,0.169918,0.224924,9.68535,1.69814,0.3
1490,1,1,0.183138,0.226837,10.4389,1.71258,0.3
1491,1,1,0.179335,0.230567,10.2221,1.74074,0.3
1492,1,1,0.169778,0.224831,9.67735,1.69743,0.3
1493,1,1,0.174959,0.221854,9.97268,1.67496,0.3
1494,1,1,0.170076,0.224975,9.69433,1.69852,0.3
1496,1,1,0.168421,0.224781,9.6,1.69706,0.3
1497,1,1,0.173999,0.225465,9.91794,1.70222,0.3
1498,1,1,0.18428,0.225003,10.504,1.69874,0.3
1499,1,1,0.180733,0.23209,10.3018,1.75224,0.3
1500,1,1,0.175403,0.226535,9.99795,1.7103,0.3
1501,1,1,0.185639,0.228708,10.5814,1.72671,0.3
1502,1,1,0.171523,0.223638,9.7768,1.68843,0.3
1503,1,1,0.172342,0.225825,9.82351,1.70494,0.3
1504,1,1,0.17553,0.228691,10.0052,1.72658,0.3
1506,1,1,0.182541,0.229557,10.4048,1.73311,0.3
1507,1,1,0.1821,0.232918,10.3797,1.75849,0.3
1508,1,1,0.168421,0.224781,9.6,1.69706,0.3
1509,1,1,0.173684,0.228266,9.9,1.72337,0.3
1510,1,1,0.197108,0.233518,11.2352,1.76302,0.3
1511,1,1,0.181906,0.230481,10.3686,1.7401,0.3
1512,1,1,0.176715,0.224577,10.0728,1.69552,0.3
1513,1,1,0.173735,0.222799,9.90289,1.68209,0.3
1514,1,1,0.173684,0.228266,9.9,1.72337,0.3
1515,1,1,0.167482,0.220387,9.54649,1.66388,0.3
1516,1,1,0.173182,0.225236,9.87138,1.70049,0.3
1517,1,1,0.174542,0.228358,9.94891,1.72406,0.3
1518,1,1,0.182748,0.224713,10.4166,1.69654,0.3
1519,1,1,0.191889,0.235119,10.9377,1.77511,0.3
1520,1,1,0.189741,0.228871,10.8153,1.72794,0.3
1521,1,1,0.168421,0.224781,9.6,1.69706,0.3
1522,1,1,0.170308,0.221549,9.70756,1.67266,0.3
1524,1,1,0.168421,0.224781,9.6,1.69706,0.3
1525,1,1,0.182616,0.228774,10.4091,1.72721,0.3
1526,1,1,0.172634,0.221761,9.84015,1.67426,0.3
1527,1,1,0.171737,0.225289,9.78902,1.70089,0.3
1528,1,1,0.180129,0.22982,10.2674,1.7351,0.3
1529,1,1,0.172081,0.221986,9.80863,1.67595,0.3
1530,1,1,0.172427,0.225073,9.82836,1.69927,0.3
1531,1,1,0.189239,0.229916,10.7866,1.73583,0.3
1532,1,1,0.172583,0.221427,9.83721,1.67173,0.3
1533,1,1,0.173602,0.224675,9.89531,1.69626,0.3
1534,1,1,0.183765,0.226354,10.4746,1.70893,0.3
1535,1,1,0.168421,0.224781,9.6,1.69706,0.3
1536,1,1,0.169879,0.224951,9.68313,1.69835,0.3
1537,1,1,0.175742,0.227966,10.0173,1.72111,0.3
1538,1,1,0.165016,0.221411,9.40588,1.67162,0.3
1539,1,1,0.171471,0.224506,9.77383,1.69498,0.3
1542,1,1,0.175502,0.227248,10.0036,1.71569,0.3
1543,1,1,0.203522,0.237752,11.6007,1.79499,0.3
1544,1,1,0.171473,0.224507,9.77394,1.69499,0.3
1545,1,1,0.172632,0.226059,9.84002,1.70671,0.3
1546,1,1,0.166467,0.220393,9.48859,1.66393,0.3
1547,1,1,0.168913,0.224811,9.62801,1.69729,0.3
1549,1,1,0.170811,0.225503,9.73621,1.70251,0.3
1550,1,1,0.176509,0.223552,10.061,1.68778,0.3
1551,1,1,0.172493,0.226105,9.83211,1.70705,0.3
1552,1,1,0.174217,0.225853,9.93035,1.70515,0.3
1553,1,1,0.201492,0.23518,11.485,1.77557,0.3
1554,1,1,0.169803,0.224889,9.67877,1.69788,0.3
1555,1,1,0.169615,0.224961,9.66803,1.69842,0.3
1557,1,1,0.172725,0.22556,9.84535,1.70294,0.3
1558,1,1,0.17802,0.226589,10.1471,1.71071,0.3
1559,1,1,0.169478,0.224922,9.66022,1.69812,0.3
1560,1,1,0.173684,0.228266,9.9,1.72337,0.3
1561,1,1,0.176253,0.226253,10.0464,1.70818,0.3
1562,1,1,0.170079,0.222128,9.69452,1.67703,0.3
1563,1,1,0.169844,0.224876,9.6811,1.69777,0.3
1564,1,1,0.171233,0.221918,9.76028,1.67544,0.3
1565,1,1,0.175952,0.225957,10.0292,1.70594,0.3
1566,1,1,0.167558,0.22176,9.55081,1.67425,0.3
1567,1,1,0.188427,0.235478,10.7403,1.77782,0.3
1568,1,1,0.170544,0.225119,9.721,1.69961,0.3
1569,1,1,0.169745,0.225003,9.67547,1.69873,0.3
1570,1,1,0.167578,0.218798,9.55192,1.65189,0.3
1571,1,1,0.170004,0.225028,9.69025,1.69893,0.3
1572,1,1,0.176643,0.226295,10.0686,1.70849,0.3
1573,1,1,0.169769,0.22202,9.67683,1.67621,0.3
1574,1,1,0.174018,0.226851,9.91902,1.71269,0.3
1575,1,1,0.168421,0.224781,9.6,1.69706,0.3
1576,1,1,0.178648,0.225685,10.1829,1.70388,0.3
1577,1,1,0.171155,0.220951,9.75583,1.66814,0.3
1578,1,1,0.171435,0.225929,9.7718,1.70572,0.3
1579,1,1,0.173684,0.228266,9.9,1.72337,0.3
1580,1,1,0.174225,0.225347,9.93082,1.70133,0.3
1581,1,1,0.170795,0.225138,9.7353,1.69975,0.3
1582,1,1,0.168421,0.224781,9.6,1.69706,0.3
1583,1,1,0.173049,0.226198,9.86381,1.70776,0.3
1584,1,1,0.168421,0.224781,9.6,1.69706,0.3
1585,1,1,0.184072,0.231894,10.4921,1.75076,0.3
1586,1,1,0.169087,0.224806,9.63795,1.69725,0.3
1587,1,1,0.170687,0.225431,9.72917,1.70197,0.3
1588,1,1,0.185832,0.226114,10.5925,1.70712,0.3
1589,1,1,0.184665,0.230214,10.5259,1.73808,0.3
1591,1,1,0.171033,0.225016,9.74887,1.69883,0.3
1592,1,1,0.167015,0.219118,9.51987,1.6543,0.3
1595,1,1,0.172458,0.225827,9.83012,1.70496,0.3
1596,1,1,0.168938,0.224815,9.62948,1.69731,0.3
1597,1,1,0.172295,0.223723,9.82084,1.68907,0.3
1598,1,1,0.172399,0.226778,9.82676,1.71214,0.3
1600,1,1,0.169587,0.22484,9.66644,1.69751,0.3
1601,1,1,0.169811,0.22496,9.67925,1.69841,0.3
1602,1,1,0.171168,0.225149,9.7566,1.69984,0.3
1603,1,1,0.193213,0.231798,11.0132,1.75004,0.3
1604,1,1,0.186382,0.231718,10.6238,1.74943,0.3
1605,1,1,0.168891,0.22312,9.6268,1.68452,0.3
1606,1,1,0.17233,0.223723,9.82283,1.68907,0.3
1607,1,1,0.163158,0.221241,9.3,1.67033,0.3
1608,1,1,0.163158,0.221241,9.3,1.67033,0.3
1609,1,1,0.169035,0.224828,9.63501,1.69742,0.3
1610,1,1,0.177851,0.226874,10.1375,1.71286,0.3
1611,1,1,0.167375,0.220836,9.54038,1.66728,0.3
1612,1,1,0.180826,0.222906,10.3071,1.68291,0.3
1613,1,1,0.172169,0.225694,9.81365,1.70395,0.3
1614,1,1,0.173147,0.225374,9.86939,1.70153,0.3
1615,1,1,0.170396,0.224939,9.71256,1.69826,0.3
1616,1,1,0.203637,0.239424,11.6073,1.80761,0.3
1617,1,1,0.169249,0.224867,9.64717,1.69771,0.3
1618,1,1,0.184111,0.231938,10.4943,1.75109,0.3
1619,1,1,0.17469,0.226465,9.95731,1.70978,0.3
1620,1,1,0.189191,0.233414,10.7839,1.76224,0.3
1621,1,1,0.17072,0.22545,9.73107,1.70211,0.3
1622,1,1,0.168421,0.224781,9.6,1.69706,0.3
1624,1,1,0.175038,0.223347,9.97714,1.68623,0.3
1625,1,1,0.176783,0.223746,10.0766,1.68925,0.3
1626,1,1,0.174689,0.223056,9.95726,1.68404,0.3
1627,1,1,0.17207,0.221212,9.80798,1.67011,0.3
1628,1,1,0.168493,0.224781,9.60408,1.69706,0.3
1629,1,1,0.171569,0.22497,9.77942,1.69849,0.3
1631,1,1,0.168421,0.224781,9.6,1.69706,0.3
1632,1,1,0.168421,0.224781,9.6,1.69706,0.3
1633,1,1,0.178286,0.225698,10.1623,1.70398,0.3
1634,1,1,0.187617,0.225478,10.6941,1.70232,0.3
1635,1,1,0.166301,0.220021,9.47919,1.66112,0.3
1636,1,1,0.185443,0.234356,10.5702,1.76935,0.3
1637,1,1,0.168418,0.220257,9.59984,1.66291,0.3
1639,1,1,0.171246,0.221612,9.76102,1.67314,0.3
1640,1,1,0.169766,0.22501,9.67664,1.69879,0.3
1642,1,1,0.169521,0.223328,9.66267,1.68609,0.3
1643,1,1,0.168421,0.224781,9.6,1.69706,0.3
1644,1,1,0.168815,0.224792,9.62248,1.69714,0.3
1646,1,1,0.163158,0.221241,9.3,1.67033,0.3
1647,1,1,0.170779,0.221721,9.73439,1.67396,0.3
1649,1,1,0.169167,0.224818,9.64254,1.69734,0.3
1650,1,1,0.170392,0.222063,9.71237,1.67654,0.3
1651,1,1,0.182093,0.232843,10.3793,1.75793,0.3
1652,1,1,0.180793,0.224251,10.3052,1.69306,0.3
1653,1,1,0.181467,0.231694,10.3436,1.74925,0.3
1654,1,1,0.171932,0.225051,9.80013,1.6991,0.3
1655,1,1,0.174642,0.225914,9.9546,1.70561,0.3
1656,1,1,0.192202,0.230811,10.9555,1.74259,0.3
1657,1,1,0.171133,0.225094,9.75457,1.69942,0.3
1658,1,1,0.170275,0.225043,9.70569,1.69904,0.3
1659,1,1,0.169669,0.219535,9.67112,1.65746,0.3
1660,1,1,0.174695,0.22194,9.9576,1.67561,0.3
1661,1,1,0.174525,0.223029,9.94794,1.68384,0.3
1662,1,1,0.181207,0.230619,10.3288,1.74113,0.3
1663,1,1,0.176405,0.224339,10.0551,1.69372,0.3
1664,1,1,0.176397,0.228584,10.0546,1.72577,0.3
1665,1,1,0.181106,0.228461,10.3231,1.72484,0.3
1666,1,1,0.170522,0.224998,9.71977,1.6987,0.3
1667,1,1,0.188923,0.234374,10.7686,1.76948,0.3
1668,1,1,0.173684,0.228266,9.9,1.72337,0.3
1669,1,1,0.171273,0.22532,9.76258,1.70113,0.3
1670,1,1,0.173684,0.228266,9.9,1.72337,0.3
1671,1,1,0.173684,0.228266,9.9,1.72337,0.3
1672,1,1,0.174079,0.223494,9.92249,1.68734,0.3
1673,1,1,0.17031,0.221549,9.70767,1.67266,0.3
1674,1,1,0.172023,0.225326,9.80532,1.70118,0.3
1675,1,1,0.168421,0.224781,9.6,1.69706,0.3
1676,1,1,0.168855,0.224805,9.62475,1.69724,0.3
1677,1,1,0.169843,0.22487,9.68103,1.69773,0.3
1678,1,1,0.184077,0.226549,10.4924,1.71041,0.3
1679,1,1,0.200886,0.237083,11.4505,1.78994,0.3
1680,1,1,0.178164,0.229574,10.1554,1.73325,0.3
1681,1,1,0.172842,0.225221,9.85197,1.70038,0.3
1682,1,1,0.169896,0.220477,9.68406,1.66456,0.3
1683,1,1,0.173684,0.228266,9.9,1.72337,0.3
1684,1,1,0.173195,0.227652,9.87211,1.71873,0.3
1685,1,1,0.171866,0.225345,9.79635,1.70132,0.3
1686,1,1,0.170829,0.22491,9.73724,1.69803,0.3
1687,1,1,0.166722,0.219015,9.50316,1.65353,0.3
1688,1,1,0.173314,0.225714,9.87892,1.7041,0.3
1689,1,1,0.172932,0.226083,9.85712,1.70689,0.3
1690,1,1,0.172042,0.224265,9.80639,1.69316,0.3
1691,1,1,0.170484,0.220575,9.71758,1.6653,0.3
1692,1,1,0.177985,0.228683,10.1451,1.72652,0.3
1693,1,1,0.169395,0.224901,9.65551,1.69796,0.3
1694,1,1,0.170604,0.220537,9.72443,1.66501,0.3
1695,1,1,0.175187,0.2277,9.98567,1.7191,0.3
1696,1,1,0.169868,0.224915,9.68248,1.69807,0.3
1697,1,1,0.173387,0.225493,9.88308,1.70244,0.3
1698,1,1,0.174311,0.227908,9.93574,1.72066,0.3
1699,1,1,0.171553,0.226021,9.7785,1.70642,0.3
1700,1,1,0.173281,0.225852,9.87702,1.70514,0.3
1701,1,1,0.169183,0.224854,9.64342,1.69761,0.3
1703,1,1,0.183817,0.228368,10.4776,1.72414,0.3
1705,1,1,0.175551,0.22588,10.0064,1.70536,0.3
1707,1,1,0.176534,0.22448,10.0624,1.69479,0.3
1708,1,1,0.171736,0.225038,9.78898,1.699,0.3
1709,1,1,0.173306,0.22633,9.87847,1.70876,0.3
1710,1,1,0.177451,0.227194,10.1147,1.71527,0.3
1711,1,1,0.176989,0.223266,10.0884,1.68562,0.3
1712,1,1,0.171215,0.221632,9.75926,1.67328,0.3
1713,1,1,0.178473,0.227928,10.1729,1.72082,0.3
1714,1,1,0.171211,0.225451,9.75906,1.70212,0.3
1715,1,1,0.177744,0.228104,10.1314,1.72215,0.3
1716,1,1,0.168421,0.224781,9.6,1.69706,0.3
1719,1,1,0.181222,0.22464,10.3296,1.696,0.3
1720,1,1,0.173235,0.226007,9.87437,1.70631,0.3
1721,1,1,0.185486,0.229837,10.5727,1.73523,0.3
1722,1,1,0.174521,0.227204,9.94768,1.71535,0.3
1723,1,1,0.173709,0.222796,9.90139,1.68207,0.3
1724,1,1,0.170354,0.224979,9.7102,1.69855,0.3
1725,1,1,0.168421,0.224781,9.6,1.69706,0.3
1726,1,1,0.169703,0.223982,9.67308,1.69102,0.3
1727,1,1,0.184047,0.226127,10.4907,1.70722,0.3
1728,1,1,0.183381,0.22768,10.4527,1.71895,0.3
1730,1,1,0.171818,0.225522,9.79364,1.70266,0.3
1731,1,1,0.173684,0.228266,9.9,1.72337,0.3
1732,1,1,0.180432,0.222488,10.2846,1.67975,0.3
1733,1,1,0.168731,0.224793,9.61769,1.69715,0.3
1734,1,1,0.168421,0.224781,9.6,1.69706,0.3
1736,1,1,0.179808,0.225674,10.2491,1.7038,0.3
1737,1,1,0.171922,0.22633,9.79958,1.70875,0.3
1738,1,1,0.166367,0.220452,9.4829,1.66437,0.3
1739,1,1,0.18221,0.228563,10.386,1.72562,0.3
1740,1,1,0.168421,0.224781,9.6,1.69706,0.3
1741,1,1,0.174685,0.225423,9.95704,1.70191,0.3
1742,1,1,0.181203,0.230139,10.3285,1.73751,0.3
1743,1,1,0.184769,0.226533,10.5319,1.71029,0.3
1744,1,1,0.168421,0.224781,9.6,1.69706,0.3
1745,1,1,0.165607,0.220932,9.43958,1.668,0.3
1747,1,1,0.170972,0.225193,9.74542,1.70017,0.3
1748,1,1,0.184518,0.230551,10.5175,1.74062,0.3
1749,1,1,0.166794,0.219955,9.50727,1.66062,0.3
1750,1,1,0.184521,0.227669,10.5177,1.71886,0.3
1751,1,1,0.168421,0.224781,9.6,1.69706,0.3
1752,1,1,0.175167,0.222533,9.98453,1.68009,0.3
1753,1,1,0.168798,0.224799,9.62148,1.69719,0.3
1754,1,1,0.173684,0.228266,9.9,1.72337,0.3
1755,1,1,0.179949,0.228467,10.2571,1.72489,0.3
1756,1,1,0.168421,0.224781,9.6,1.69706,0.3
1757,1,1,0.182413,0.22334,10.3975,1.68618,0.3
1759,1,1,0.178082,0.224353,10.1506,1.69383,0.3
1761,1,1,0.168421,0.224781,9.6,1.69706,0.3
1762,1,1,0.172919,0.225656,9.85637,1.70367,0.3
1763,1,1,0.174429,0.222902,9.94246,1.68287,0.3
1764,1,1,0.170725,0.225031,9.73135,1.69895,0.3
1765,1,1,0.183899,0.228519,10.4822,1.72528,0.3
1766,1,1,0.168421,0.224781,9.6,1.69706,0.3
1767,1,1,0.179775,0.22584,10.2472,1.70505,0.3
1768,1,1,0.171341,0.225329,9.76644,1.7012,0.3
1769,1,1,0.17405,0.226467,9.92084,1.70979,0.3
1770,1,1,0.184228,0.227803,10.501,1.71988,0.3
1771,1,1,0.172264,0.225533,9.81904,1.70274,0.3
1772,1,1,0.174848,0.225167,9.96633,1.69997,0.3
1773,1,1,0.164505,0.219035,9.37676,1.65368,0.3
1774,1,1,0.172479,0.220469,9.8313,1.6645,0.3
1775,1,1,0.171485,0.225195,9.77464,1.70019,0.3
1776,1,1,0.185265,0.224539,10.5601,1.69523,0.3
1777,1,1,0.186289,0.233655,10.6185,1.76406,0.3
1778,1,1,0.173049,0.226576,9.86378,1.71061,0.3
1779,1,1,0.168421,0.224781,9.6,1.69706,0.3
1780,1,1,0.182222,0.226919,10.3866,1.7132,0.3
1781,1,1,0.17516,0.226166,9.98413,1.70752,0.3
1782,1,1,0.178947,0.231699,10.2,1.74929,0.3
1783,1,1,0.173684,0.228266,9.9,1.72337,0.3
1784,1,1,0.186222,0.229073,10.6146,1.72947,0.3
1785,1,1,0.170412,0.225083,9.71347,1.69934,0.3
1786,1,1,0.173684,0.228266,9.9,1.72337,0.3
1787,1,1,0.176379,0.224406,10.0536,1.69423,0.3
1788,1,1,0.171221,0.220825,9.75959,1.6672,0.3
1789,1,1,0.176713,0.227834,10.0727,1.72011,0.3
1790,1,1,0.173684,0.228266,9.9,1.72337,0.3
1791,1,1,0.175629,0.226018,10.0109,1.7064,0.3
1792,1,1,0.174956,0.222741,9.97252,1.68166,0.3
1793,1,1,0.170365,0.22494,9.71079,1.69826,0.3
1794,1,1,0.172793,0.22577,9.84921,1.70453,0.3
1795,1,1,0.171685,0.220911,9.78603,1.66784,0.3
1796,1,1,0.169765,0.224919,9.67663,1.6981,0.3
1797,1,1,0.173406,0.22637,9.88412,1.70905,0.3
1798,1,1,0.173808,0.222844,9.90703,1.68244,0.3
1799,1,1,0.170014,0.224982,9.69078,1.69858,0.3
1800,1,1,0.171148,0.225722,9.75546,1.70416,0.3
1801,1,1,0.17004,0.22492,9.6923,1.69811,0.3
1802,1,1,0.170462,0.225045,9.71632,1.69905,0.3
1803,1,1,0.185832,0.226114,10.5924,1.70712,0.3
1804,1,1,0.168421,0.224781,9.6,1.69706,0.3
1805,1,1,0.188789,0.229582,10.761,1.7333,0.3
1806,1,1,0.169946,0.225075,9.68689,1.69928,0.3
1807,1,1,0.168421,0.224781,9.6,1.69706,0.3
1808,1,1,0.171412,0.221175,9.77049,1.66983,0.3
1809,1,1,0.168422,0.224781,9.60006,1.69706,0.3
1811,1,1,0.169955,0.22493,9.68744,1.69818,0.3
1812,1,1,0.204007,0.237413,11.6284,1.79243,0.3
1813,1,1,0.168885,0.224808,9.62646,1.69726,0.3
1814,1,1,0.217473,0.253041,12.396,1.91042,0.3
1815,1,1,0.167561,0.222586,9.55098,1.68049,0.3
1816,1,1,0.168421,0.224781,9.6,1.69706,0.3
1817,1,1,0.179166,0.227897,10.2125,1.72059,0.3
1818,1,1,0.179953,0.226751,10.2573,1.71193,0.3
1819,1,1,0.179073,0.229313,10.2072,1.73128,0.3
1820,1,1,0.188074,0.227395,10.7202,1.71679,0.3
1821,1,1,0.175122,0.224968,9.98198,1.69847,0.3
1822,1,1,0.183836,0.228167,10.4787,1.72262,0.3
1823,1,1,0.170694,0.225435,9.72955,1.70199,0.3
1824,1,1,0.191133,0.228436,10.8946,1.72466,0.3
1825,1,1,0.167935,0.221531,9.57228,1.67252,0.3
1826,1,1,0.171112,0.225171,9.75339,1.70001,0.3
1827,1,1,0.178947,0.231699,10.2,1.74929,0.3
1828,1,1,0.168726,0.224792,9.6174,1.69715,0.3
1829,1,1,0.179379,0.224642,10.2246,1.69601,0.3
1830,1,1,0.181275,0.224686,10.3327,1.69634,0.3
1831,1,1,0.173684,0.228266,9.9,1.72337,0.3
1832,1,1,0.171024,0.225031,9.74836,1.69894,0.3
1833,1,1,0.170404,0.225058,9.713,1.69915,0.3
1834,1,1,0.177667,0.230237,10.127,1.73825,0.3
1835,1,1,0.172917,0.225564,9.85627,1.70297,0.3
1836,1,1,0.177539,0.222039,10.1197,1.67636,0.3
1837,1,1,0.171545,0.225054,9.77807,1.69912,0.3
1838,1,1,0.172862,0.225741,9.85311,1.70431,0.3
1839,1,1,0.169578,0.224851,9.66592,1.69759,0.3
1840,1,1,0.173179,0.225313,9.8712,1.70108,0.3
1841,1,1,0.182799,0.230035,10.4195,1.73673,0.3
1843,1,1,0.176039,0.224076,10.0342,1.69173,0.3
1844,1,1,0.178947,0.231699,10.2,1.74929,0.3
1845,1,1,0.17102,0.22518,9.74815,1.70007,0.3
1846,1,1,0.166892,0.21868,9.51286,1.651,0.3
1847,1,1,0.170707,0.219831,9.7303,1.65969,0.3
1848,1,1,0.175831,0.226441,10.0223,1.70959,0.3
1849,1,1,0.166801,0.22149,9.50768,1.67221,0.3
1850,1,1,0.169691,0.224985,9.67236,1.6986,0.3
1851,1,1,0.168969,0.224793,9.63125,1.69715,0.3
1852,1,1,0.17381,0.225451,9.90718,1.70212,0.3
1853,1,1,0.168962,0.224818,9.63081,1.69734,0.3
1854,1,1,0.176507,0.223093,10.0609,1.68431,0.3
1855,1,1,0.186054,0.226578,10.6051,1.71063,0.3
1856,1,1,0.172039,0.225561,9.80623,1.70295,0.3
1857,1,1,0.171509,0.224512,9.776,1.69503,0.3
1858,1,1,0.182936,0.22641,10.4274,1.70936,0.3
1859,1,1,0.188318,0.228918,10.7341,1.72829,0.3
1860,1,1,0.182058,0.227979,10.3773,1.72121,0.3
1861,1,1,0.217473,0.253041,12.396,1.91042,0.3
1862,1,1,0.18182,0.229897,10.3637,1.73568,0.3
1863,1,1,0.18473,0.227001,10.5296,1.71382,0.3
1864,1,1,0.170301,0.225228,9.70714,1.70044,0.3
1865,1,1,0.173684,0.228266,9.9,1.72337,0.3
1867,1,1,0.176647,0.22682,10.0689,1.71245,0.3
1868,1,1,0.180071,0.224908,10.2641,1.69802,0.3
1869,1,1,0.17469,0.221162,9.95735,1.66974,0.3
1870,1,1,0.174212,0.226703,9.93006,1.71157,0.3
1871,1,1,0.17191,0.225166,9.79886,1.69996,0.3
1872,1,1,0.180843,0.222744,10.308,1.68168,0.3
1873,1,1,0.174738,0.226492,9.96006,1.70998,0.3
1874,1,1,0.166517,0.22252,9.49148,1.67999,0.3
1875,1,1,0.163158,0.221241,9.3,1.67033,0.3
1876,1,1,0.173139,0.227585,9.86891,1.71823,0.3
1877,1,1,0.1752,0.22274,9.98641,1.68165,0.3
1878,1,1,0.173684,0.228266,9.9,1.72337,0.3
1880,1,1,0.180745,0.224463,10.3024,1.69465,0.3
1881,1,1,0.174597,0.225925,9.95205,1.7057,0.3
1882,1,1,0.170442,0.225062,9.71519,1.69918,0.3
1883,1,1,0.168421,0.224781,9.6,1.69706,0.3
1884,1,1,0.16947,0.22482,9.65979,1.69735,0.3
1885,1,1,0.172979,0.225495,9.85983,1.70245,0.3
1886,1,1,0.168421,0.224781,9.6,1.69706,0.3
1887,1,1,0.173684,0.228266,9.9,1.72337,0.3
1888,1,1,0.170616,0.221046,9.72509,1.66886,0.3
1889,1,1,0.182542,0.228055,10.4049,1.72178,0.3
1890,1,1,0.182542,0.228055,10.4049,1.72178,0.3
1892,1,1,0.178643,0.226613,10.1827,1.71089,0.3
1893,1,1,0.196345,0.233636,11.1917,1.76391,0.3
1894,1,1,0.168421,0.224781,9.6,1.69706,0.3
1895,1,1,0.188546,0.235245,10.7471,1.77606,0.3
1896,1,1,0.182974,0.230442,10.4295,1.7398,0.3
1897,1,1,0.168924,0.219625,9.62866,1.65814,0.3
1898,1,1,0.17167,0.225227,9.78521,1.70042,0.3
1899,1,1,0.173501,0.223031,9.88954,1.68385,0.3
1900,1,1,0.169957,0.225079,9.68754,1.69931,0.3
1901,1,1,0.18339,0.228561,10.4532,1.7256,0.3
1902,1,1,0.181896,0.22749,10.3681,1.71752,0.3
1904,1,1,0.192301,0.236042,10.9612,1.78208,0.3
1905,1,1,0.186564,0.228209,10.6341,1.72294,0.3
1906,1,1,0.168421,0.224781,9.6,1.69706,0.3
1907,1,1,0.169728,0.224855,9.67448,1.69762,0.3
1909,1,1,0.188524,0.23179,10.7459,1.74998,0.3
1910,1,1,0.185884,0.227425,10.5954,1.71702,0.3
1911,1,1,0.170913,0.221647,9.74207,1.6734,0.3
1912,1,1,0.172367,0.225256,9.82491,1.70065,0.3
1913,1,1,0.163172,0.221241,9.30082,1.67033,0.3
1915,1,1,0.168421,0.224781,9.6,1.69706,0.3
1916,1,1,0.170733,0.224967,9.73178,1.69846,0.3
1917,1,1,0.168421,0.224781,9.6,1.69706,0.3
1918,1,1,0.165915,0.219868,9.45716,1.65997,0.3
1919,1,1,0.181717,0.223168,10.3579,1.68488,0.3
1920,1,1,0.169316,0.224882,9.65102,1.69782,0.3
1921,1,1,0.178947,0.231699,10.2,1.74929,0.3
1923,1,1,0.176191,0.226816,10.0429,1.71242,0.3
1924,1,1,0.170218,0.224888,9.70245,1.69787,0.3
1925,1,1,0.168421,0.224781,9.6,1.69706,0.3
1926,1,1,0.180035,0.230485,10.262,1.74012,0.3
1927,1,1,0.172217,0.2266,9.81639,1.7108,0.3
1928,1,1,0.180627,0.222093,10.2957,1.67677,0.3
1929,1,1,0.172777,0.225733,9.84829,1.70425,0.3
1930,1,1,0.173684,0.228266,9.9,1.72337,0.3
1931,1,1,0.180773,0.226404,10.3041,1.70931,0.3
1932,1,1,0.168974,0.224819,9.6315,1.69735,0.3
1933,1,1,0.177742,0.228959,10.1313,1.7286,0.3
1934,1,1,0.176915,0.226235,10.0842,1.70804,0.3
1935,1,1,0.168398,0.2194,9.59868,1.65643,0.3
1936,1,1,0.168421,0.224781,9.6,1.69706,0.3
1937,1,1,0.172454,0.225209,9.82987,1.70029,0.3
1938,1,1,0.168891,0.22312,9.6268,1.68452,0.3
1939,1,1,0.171158,0.225728,9.75601,1.70421,0.3
1940,1,1,0.174979,0.227218,9.97382,1.71546,0.3
1941,1,1,0.173256,0.226033,9.87558,1.70651,0.3
1942,1,1,0.168732,0.224793,9.61774,1.69715,0.3
1943,1,1,0.171994,0.225279,9.80364,1.70082,0.3
1944,1,1,0.185443,0.234356,10.5702,1.76935,0.3
1945,1,1,0.17129,0.225067,9.76356,1.69922,0.3
1946,1,1,0.180753,0.226751,10.3029,1.71193,0.3
1947,1,1,0.16878,0.22332,9.62046,1.68603,0.3
1948,1,1,0.168421,0.224781,9.6,1.69706,0.3
1949,1,1,0.174826,0.228429,9.96511,1.7246,0.3
1950,1,1,0.179178,0.227898,10.2132,1.72059,0.3
1951,1,1,0.172252,0.225163,9.81834,1.69994,0.3
1952,1,1,0.168879,0.22479,9.62608,1.69712,0.3
1953,1,1,0.170888,0.22505,9.74062,1.69909,0.3
1954,1,1,0.167606,0.221771,9.55356,1.67434,0.3
1955,1,1,0.172096,0.225508,9.80948,1.70255,0.3
1956,1,1,0.176246,0.229084,10.046,1.72954,0.3
1957,1,1,0.173308,0.22235,9.87856,1.67871,0.3
1958,1,1,0.17338,0.22234,9.88265,1.67863,0.3
1959,1,1,0.168985,0.224821,9.63217,1.69736,0.3
1960,1,1,0.186839,0.225683,10.6498,1.70387,0.3
1961,1,1,0.170442,0.225298,9.71521,1.70096,0.3
1962,1,1,0.169338,0.224887,9.65225,1.69786,0.3
1963,1,1,0.184079,0.233585,10.4925,1.76353,0.3
1964,1,1,0.171743,0.225328,9.78935,1.70119,0.3
1965,1,1,0.172624,0.225611,9.83956,1.70332,0.3
1966,1,1,0.169578,0.224851,9.66592,1.69759,0.3
1967,1,1,0.168929,0.224813,9.62895,1.6973,0.3
1968,1,1,0.172434,0.225906,9.82875,1.70555,0.3
1969,1,1,0.169817,0.220462,9.67957,1.66445,0.3
1970,1,1,0.168421,0.224781,9.6,1.69706,0.3
1971,1,1,0.185197,0.225434,10.5562,1.70199,0.3
1972,1,1,0.167671,0.219195,9.55725,1.65489,0.3
1973,1,1,0.17773,0.221231,10.1306,1.67025,0.3
1974,1,1,0.183889,0.226562,10.4816,1.71051,0.3
1975,1,1,0.188641,0.226232,10.7525,1.70802,0.3
1976,1,1,0.170177,0.224874,9.70011,1.69776,0.3
1977,1,1,0.179048,0.22716,10.2057,1.71502,0.3
1978,1,1,0.170693,0.220208,9.72948,1.66254,0.3
1979,1,1,0.172302,0.221282,9.8212,1.67064,0.3
1980,1,1,0.16658,0.22008,9.49505,1.66157,0.3
1982,1,1,0.174065,0.222391,9.92172,1.67902,0.3
1983,1,1,0.178947,0.231699,10.2,1.74929,0.3
1985,1,1,0.169445,0.224913,9.65836,1.69806,0.3
1986,1,1,0.163158,0.221241,9.3,1.67033,0.3
1987,1,1,0.169021,0.224826,9.6342,1.6974,0.3
1988,1,1,0.172408,0.224286,9.82724,1.69332,0.3
1989,1,1,0.176127,0.228579,10.0392,1.72573,0.3
1990,1,1,0.188385,0.230562,10.7379,1.74071,0.3
1992,1,1,0.171155,0.225255,9.75582,1.70064,0.3
1993,1,1,0.170021,0.224862,9.69122,1.69767,0.3
1994,1,1,0.175766,0.226907,10.0187,1.71311,0.3
1995,1,1,0.172952,0.22114,9.85826,1.66957,0.3
1996,1,1,0.17088,0.223554,9.74019,1.6878,0.3
1998,1,1,0.173206,0.227665,9.87273,1.71883,0.3
1999,1,1,0.176774,0.226652,10.0761,1.71118,0.3
2001,1,1,0.169261,0.224812,9.64785,1.69729,0.3
2002,1,1,0.173684,0.228266,9.9,1.72337,0.3
2003,1,1,0.171275,0.225066,9.76268,1.69921,0.3
2005,1,1,0.17222,0.221555,9.81655,1.67271,0.3
2006,1,1,0.18264,0.224686,10.4105,1.69634,0.3
2007,1,1,0.170092,0.222726,9.69525,1.68154,0.3
2008,1,1,0.183146,0.226838,10.4393,1.71259,0.3
2009,1,1,0.162959,0.219506,9.28867,1.65723,0.3
2011,1,1,0.168421,0.224781,9.6,1.69706,0.3
2012,1,1,0.168421,0.224781,9.6,1.69706,0.3
2014,1,1,0.18415,0.226569,10.4965,1.71056,0.3
2015,1,1,0.172181,0.220834,9.81431,1.66726,0.3
2017,1,1,0.166231,0.221003,9.47518,1.66854,0.3
2018,1,1,0.178404,0.22899,10.169,1.72883,0.3
2019,1,1,0.185049,0.225383,10.5478,1.7016,0.3
2020,1,1,0.176944,0.225557,10.0858,1.70292,0.3
2021,1,1,0.169836,0.220537,9.68067,1.66501,0.3
2023,1,1,0.170567,0.222933,9.72231,1.68311,0.3
2024,1,1,0.17,0.224964,9.69003,1.69844,0.3
2025,1,1,0.171889,0.2253,9.79765,1.70098,0.3
2026,1,1,0.180119,0.227882,10.2668,1.72047,0.3
2027,1,1,0.174974,0.226344,9.97354,1.70886,0.3
2028,1,1,0.170487,0.224972,9.71777,1.6985,0.3
2030,1,1,0.169907,0.22492,9.68467,1.69811,0.3
2031,1,1,0.173198,0.221301,9.87229,1.67079,0.3
2032,1,1,0.172026,0.225675,9.80546,1.70381,0.3
2033,1,1,0.175954,0.225861,10.0294,1.70521,0.3
2034,1,1,0.170525,0.225064,9.71992,1.6992,0.3
2036,1,1,0.185243,0.228421,10.5588,1.72454,0.3
2037,1,1,0.176401,0.224165,10.0549,1.69241,0.3
2038,1,1,0.169424,0.224908,9.65714,1.69802,0.3
2040,1,1,0.173684,0.228266,9.9,1.72337,0.3
2041,1,1,0.167067,0.222316,9.52282,1.67845,0.3
2042,1,1,0.172122,0.222756,9.81094,1.68177,0.3
2043,1,1,0.183776,0.233132,10.4753,1.76011,0.3
2044,1,1,0.17072,0.22545,9.73107,1.70211,0.3
2045,1,1,0.187439,0.227686,10.684,1.71899,0.3
2046,1,1,0.179165,0.224245,10.2124,1.69301,0.3
2047,1,1,0.171994,0.225279,9.80364,1.70082,0.3
2048,1,1,0.186034,0.226577,10.6039,1.71062,0.3
2049,1,1,0.170469,0.224911,9.71674,1.69804,0.3
2050,1,1,0.170348,0.225067,9.70981,1.69922,0.3
2051,1,1,0.180563,0.227766,10.2921,1.7196,0.3
2053,1,1,0.172142,0.225796,9.81207,1.70472,0.3
2054,1,1,0.173913,0.225744,9.91306,1.70433,0.3
2055,1,1,0.175821,0.221407,10.0218,1.67159,0.3
2056,1,1,0.166603,0.221395,9.49638,1.6715,0.3
2057,1,1,0.211632,0.246624,12.063,1.86197,0.3
2058,1,1,0.173684,0.228266,9.9,1.72337,0.3
2059,1,1,0.177474,0.230052,10.116,1.73685,0.3
2060,1,1,0.168421,0.224781,9.6,1.69706,0.3
2062,1,1,0.178947,0.231699,10.2,1.74929,0.3
2063,1,1,0.170056,0.22493,9.69318,1.69819,0.3
2064,1,1,0.173684,0.228266,9.9,1.72337,0.3
2065,1,1,0.171186,0.225373,9.75761,1.70153,0.3
2066,1,1,0.171269,0.225165,9.76231,1.69996,0.3
2067,1,1,0.177229,0.228617,10.1021,1.72602,0.3
2069,1,1,0.172186,0.225705,9.81461,1.70403,0.3
2070,1,1,0.175474,0.228498,10.002,1.72512,0.3
2071,1,1,0.177113,0.221924,10.0954,1.67549,0.3
2072,1,1,0.195133,0.236477,11.1226,1.78536,0.3
2073,1,1,0.170056,0.22493,9.69318,1.69819,0.3
2074,1,1,0.172538,0.225746,9.83465,1.70435,0.3
2076,1,1,0.169584,0.224952,9.66629,1.69835,0.3
2077,1,1,0.172973,0.225129,9.85946,1.69969,0.3
2078,1,1,0.170868,0.225225,9.7395,1.70041,0.3
2079,1,1,0.179336,0.225365,10.2222,1.70147,0.3
2080,1,1,0.171522,0.225356,9.77677,1.7014,0.3
2081,1,1,0.174016,0.22293,9.91891,1.68309,0.3
2082,1,1,0.172275,0.225482,9.81968,1.70235,0.3
2083,1,1,0.166186,0.22198,9.4726,1.67591,0.3
2084,1,1,0.175487,0.224627,10.0027,1.69589,0.3
2085,1,1,0.171048,0.225011,9.74976,1.69879,0.3
2086,1,1,0.173061,0.225784,9.86447,1.70463,0.3
2087,1,1,0.186937,0.228877,10.6554,1.72799,0.3
2088,1,1,0.169293,0.224877,9.64972,1.69778,0.3
2089,1,1,0.170849,0.224938,9.73838,1.69824,0.3
2090,1,1,0.177077,0.229122,10.0934,1.72983,0.3
2091,1,1,0.173648,0.225583,9.89793,1.70312,0.3
2092,1,1,0.173684,0.228266,9.9,1.72337,0.3
2093,1,1,0.171531,0.225748,9.77729,1.70436,0.3
2094,1,1,0.168421,0.224781,9.6,1.69706,0.3
2095,1,1,0.172658,0.22548,9.84149,1.70234,0.3
2096,1,1,0.177153,0.226302,10.0977,1.70854,0.3
2097,1,1,0.176527,0.22869,10.062,1.72657,0.3
2098,1,1,0.168626,0.224786,9.61167,1.6971,0.3
2100,1,1,0.169874,0.224845,9.68281,1.69754,0.3
2101,1,1,0.167981,0.219594,9.57491,1.6579,0.3
2102,1,1,0.173273,0.225293,9.87655,1.70092,0.3
2103,1,1,0.176124,0.228222,10.0391,1.72304,0.3
2104,1,1,0.171616,0.225144,9.78211,1.6998,0.3
2105,1,1,0.170614,0.2251,9.725,1.69947,0.3
2107,1,1,0.182395,0.227252,10.3965,1.71571,0.3
2108,1,1,0.168883,0.224808,9.6263,1.69726,0.3
2109,1,1,0.181994,0.232622,10.3737,1.75626,0.3
2110,1,1,0.170956,0.224299,9.74449,1.69342,0.3
2111,1,1,0.173388,0.226343,9.88311,1.70886,0.3
2113,1,1,0.17862,0.230254,10.1813,1.73838,0.3
2114,1,1,0.168421,0.224781,9.6,1.69706,0.3
2115,1,1,0.18083,0.226459,10.3073,1.70973,0.3
2116,1,1,0.171197,0.225281,9.75825,1.70083,0.3
2118,1,1,0.169395,0.224901,9.65551,1.69796,0.3
2119,1,1,0.174307,0.225927,9.93551,1.70571,0.3
2120,1,1,0.172362,0.225286,9.82464,1.70087,0.3
2123,1,1,0.173684,0.228266,9.9,1.72337,0.3
2124,1,1,0.178947,0.231699,10.2,1.74929,0.3
2125,1,1,0.170869,0.221281,9.73955,1.67063,0.3
2126,1,1,0.176533,0.22448,10.0624,1.69479,0.3
2127,1,1,0.181362,0.22495,10.3376,1.69833,0.3
2128,1,1,0.171942,0.225572,9.80069,1.70303,0.3
2129,1,1,0.172469,0.226848,9.83072,1.71267,0.3
2130,1,1,0.174688,0.226083,9.95721,1.70689,0.3
2131,1,1,0.168591,0.224782,9.60967,1.69707,0.3
2133,1,1,0.171058,0.225661,9.75033,1.7037,0.3
2134,1,1,0.168969,0.224819,9.63124,1.69734,0.3
2135,1,1,0.169371,0.224895,9.65415,1.69792,0.3
2136,1,1,0.183818,0.229667,10.4776,1.73395,0.3
2138,1,1,0.168421,0.224781,9.6,1.69706,0.3
2139,1,1,0.169145,0.224814,9.64125,1.69731,0.3
2140,1,1,0.168945,0.224815,9.62988,1.69732,0.3
2141,1,1,0.176736,0.226398,10.074,1.70927,0.3
2142,1,1,0.168366,0.221211,9.59685,1.67011,0.3
2143,1,1,0.175989,0.228585,10.0314,1.72578,0.3
2144,1,1,0.173746,0.225407,9.90353,1.70179,0.3
2145,1,1,0.168994,0.224801,9.63268,1.69721,0.3
2148,1,1,0.172109,0.225764,9.8102,1.70448,0.3
2149,1,1,0.171728,0.22532,9.78851,1.70113,0.3
2151,1,1,0.168421,0.224781,9.6,1.69706,0.3
2152,1,1,0.173629,0.22538,9.89686,1.70158,0.3
2153,1,1,0.17243,0.225404,9.82852,1.70177,0.3
2154,1,1,0.184229,0.22422,10.501,1.69282,0.3
2155,1,1,0.173822,0.220924,9.90788,1.66794,0.3
2156,1,1,0.173206,0.227665,9.87273,1.71883,0.3
2157,1,1,0.171342,0.22586,9.76652,1.70521,0.3
2158,1,1,0.201512,0.238446,11.4862,1.80023,0.3
2159,1,1,0.17812,0.22593,10.1529,1.70573,0.3
2160,1,1,0.169902,0.224883,9.68442,1.69783,0.3
2161,1,1,0.181167,0.229794,10.3265,1.73491,0.3
2162,1,1,0.172249,0.225602,9.81817,1.70325,0.3
2163,1,1,0.17412,0.221603,9.92482,1.67306,0.3
2164,1,1,0.184313,0.233556,10.5058,1.76331,0.3
2165,1,1,0.169972,0.222565,9.6884,1.68033,0.3
2166,1,1,0.173684,0.228266,9.9,1.72337,0.3
2167,1,1,0.170351,0.22492,9.71,1.69811,0.3
2168,1,1,0.174236,0.226067,9.93143,1.70677,0.3
2169,1,1,0.171741,0.226173,9.78922,1.70757,0.3
2170,1,1,0.170616,0.221046,9.72509,1.66886,0.3
2171,1,1,0.179888,0.226103,10.2536,1.70704,0.3
2172,1,1,0.181467,0.228424,10.3436,1.72457,0.3
2173,1,1,0.173205,0.226159,9.8727,1.70747,0.3
2174,1,1,0.171898,0.225724,9.79819,1.70418,0.3
2175,1,1,0.183645,0.225922,10.4678,1.70567,0.3
2176,1,1,0.168616,0.224785,9.6111,1.69709,0.3
2177,1,1,0.174113,0.22466,9.92445,1.69615,0.3
2178,1,1,0.1898,0.229418,10.8186,1.73207,0.3
2179,1,1,0.168421,0.224781,9.6,1.69706,0.3
2180,1,1,0.170635,0.224933,9.72618,1.69821,0.3
2181,1,1,0.17354,0.228079,9.89178,1.72196,0.3
2182,1,1,0.172034,0.22522,9.80595,1.70038,0.3
2183,1,1,0.175819,0.222616,10.0217,1.68071,0.3
2185,1,1,0.170269,0.225213,9.70533,1.70032,0.3
2186,1,1,0.17206,0.221983,9.80743,1.67594,0.3
2187,1,1,0.168783,0.224797,9.62064,1.69718,0.3
2188,1,1,0.171021,0.225125,9.7482,1.69966,0.3
2189,1,1,0.172584,0.225225,9.83728,1.70041,0.3
2190,1,1,0.187961,0.234439,10.7138,1.76998,0.3
2191,1,1,0.170452,0.224972,9.71575,1.6985,0.3
2192,1,1,0.180558,0.229222,10.2918,1.73059,0.3
2193,1,1,0.175014,0.227629,9.97582,1.71856,0.3
2194,1,1,0.173878,0.222663,9.91102,1.68107,0.3
2195,1,1,0.168421,0.224781,9.6,1.69706,0.3
2196,1,1,0.1789,0.224468,10.1973,1.6947,0.3
2197,1,1,0.17416,0.225817,9.92714,1.70488,0.3
2198,1,1,0.176493,0.22434,10.0601,1.69373,0.3
2199,1,1,0.17282,0.225685,9.85074,1.70388,0.3
2200,1,1,0.168786,0.219667,9.62081,1.65845,0.3
2201,1,1,0.180351,0.225665,10.28,1.70373,0.3
2202,1,1,0.177326,0.222708,10.1076,1.68141,0.3
2203,1,1,0.184271,0.229231,10.5035,1.73065,0.3
2204,1,1,0.172801,0.2272,9.84964,1.71532,0.3
2205,1,1,0.173684,0.228266,9.9,1.72337,0.3
2206,1,1,0.172573,0.22089,9.83667,1.66768,0.3
2207,1,1,0.178011,0.224247,10.1466,1.69303,0.3
2208,1,1,0.172364,0.225477,9.82477,1.70231,0.3
2209,1,1,0.178229,0.226183,10.159,1.70764,0.3
2210,1,1,0.172273,0.225168,9.81956,1.69998,0.3
2212,1,1,0.169645,0.224853,9.66977,1.6976,0.3
2214,1,1,0.17995,0.230789,10.2572,1.74242,0.3
2215,1,1,0.171888,0.225126,9.79759,1.69966,0.3
2216,1,1,0.168421,0.224781,9.6,1.69706,0.3
2217,1,1,0.170632,0.2254,9.72605,1.70173,0.3
2218,1,1,0.171011,0.224944,9.74761,1.69829,0.3
2219,1,1,0.17038,0.225028,9.71164,1.69893,0.3
2220,1,1,0.211519,0.24654,12.0566,1.86134,0.3
2222,1,1,0.168421,0.224781,9.6,1.69706,0.3
2225,1,1,0.169537,0.224938,9.66361,1.69825,0.3
2226,1,1,0.176386,0.222075,10.054,1.67663,0.3
2227,1,1,0.191575,0.230138,10.9198,1.7375,0.3
2228,1,1,0.173663,0.2259,9.89881,1.70551,0.3
2229,1,1,0.172358,0.226738,9.82442,1.71183,0.3
2230,1,1,0.174832,0.227387,9.96545,1.71673,0.3
2231,1,1,0.172137,0.2259,9.81182,1.70551,0.3
2232,1,1,0.174103,0.226576,9.92388,1.71061,0.3
2233,1,1,0.17632,0.226749,10.0502,1.71191,0.3
2234,1,1,0.1726,0.225403,9.83821,1.70176,0.3
2235,1,1,0.181447,0.225864,10.3425,1.70524,0.3
2236,1,1,0.168421,0.224781,9.6,1.69706,0.3
2237,1,1,0.174737,0.226303,9.96002,1.70855,0.3
2238,1,1,0.172149,0.221373,9.81248,1.67133,0.3
2239,1,1,0.179718,0.229996,10.2439,1.73643,0.3
2240,1,1,0.169537,0.224938,9.66361,1.69825,0.3
2241,1,1,0.168125,0.223736,9.58314,1.68917,0.3
2242,1,1,0.173684,0.228266,9.9,1.72337,0.3
2243,1,1,0.16675,0.222897,9.50476,1.68283,0.3
2244,1,1,0.169678,0.224981,9.67166,1.69857,0.3
2245,1,1,0.173803,0.222863,9.90676,1.68258,0.3
2246,1,1,0.173835,0.224577,9.9086,1.69552,0.3
2248,1,1,0.171447,0.22538,9.77247,1.70158,0.3
2249,1,1,0.175846,0.222637,10.0232,1.68087,0.3
2250,1,1,0.172936,0.225728,9.85736,1.70421,0.3
2252,1,1,0.169817,0.220462,9.67957,1.66445,0.3
2253,1,1,0.173362,0.225593,9.88163,1.70319,0.3
2254,1,1,0.171267,0.225352,9.7622,1.70137,0.3
2255,1,1,0.173684,0.228266,9.9,1.72337,0.3
2257,1,1,0.171407,0.221642,9.77019,1.67336,0.3
2259,1,1,0.180569,0.225195,10.2924,1.70018,0.3
2261,1,1,0.17746,0.226668,10.1152,1.7113,0.3
2262,1,1,0.179864,0.229123,10.2522,1.72984,0.3
2263,1,1,0.172622,0.222508,9.83947,1.6799,0.3
2264,1,1,0.171259,0.225563,9.76175,1.70297,0.3
2265,1,1,0.184404,0.233611,10.511,1.76373,0.3
2266,1,1,0.171169,0.224948,9.75663,1.69832,0.3
2267,1,1,0.170308,0.221549,9.70756,1.67266,0.3
2268,1,1,0.180005,0.228427,10.2603,1.72458,0.3
2269,1,1,0.180108,0.22373,10.2662,1.68913,0.3
2270,1,1,0.172643,0.22117,9.84064,1.6698,0.3
2271,1,1,0.172521,0.226901,9.83367,1.71307,0.3
2273,1,1,0.172431,0.22547,9.82854,1.70226,0.3
2274,1,1,0.204532,0.242194,11.6583,1.82852,0.3
2275,1,1,0.17341,0.224555,9.88434,1.69536,0.3
2276,1,1,0.172334,0.225487,9.82305,1.70239,0.3
2277,1,1,0.163158,0.221241,9.3,1.67033,0.3
2278,1,1,0.173059,0.225608,9.86437,1.7033,0.3
2279,1,1,0.183997,0.225722,10.4879,1.70416,0.3
2280,1,1,0.175701,0.227711,10.0149,1.71918,0.3
2281,1,1,0.171448,0.225088,9.77251,1.69938,0.3
2282,1,1,0.169132,0.224813,9.6405,1.6973,0.3
2283,1,1,0.166968,0.219366,9.51719,1.65618,0.3
2285,1,1,0.168637,0.224783,9.61233,1.69707,0.3
2286,1,1,0.176475,0.224063,10.0591,1.69164,0.3
2287,1,1,0.175892,0.226333,10.0258,1.70877,0.3
2288,1,1,0.169079,0.224835,9.6375,1.69747,0.3
2289,1,1,0.201492,0.23518,11.485,1.77557,0.3
2290,1,1,0.169027,0.224805,9.63456,1.69724,0.3
2291,1,1,0.181049,0.22347,10.3198,1.68716,0.3
2292,1,1,0.163158,0.221241,9.3,1.67033,0.3
2294,1,1,0.190883,0.230733,10.8803,1.742,0.3
2296,1,1,0.173727,0.225395,9.90246,1.70169,0.3
2297,1,1,0.170332,0.224929,9.70893,1.69818,0.3
2298,1,1,0.172495,0.226875,9.8322,1.71287,0.3
2299,1,1,0.176065,0.225819,10.0357,1.7049,0.3
2300,1,1,0.163158,0.221241,9.3,1.67033,0.3
